# temp energy qhat_over_T3
  0.150000   1.313000   0.829242
  0.170000   1.313000   0.811052
  0.190000   1.313000   0.795800
  0.210000   1.313000   0.782833
  0.230000   1.313000   0.771676
  0.250000   1.313000   0.761540
  0.270000   1.313000   0.752605
  0.290000   1.313000   0.744747
  0.310000   1.313000   0.737776
  0.330000   1.313000   0.731525
  0.350000   1.313000   0.725893
  0.370000   1.313000   0.720771
  0.390000   1.313000   0.716080
  0.410000   1.313000   0.711755
  0.430000   1.313000   0.707739
  0.450000   1.313000   0.703991
  0.470000   1.313000   0.700374
  0.490000   1.313000   0.696889
  0.510000   1.313000   0.693587
  0.530000   1.313000   0.690457
  0.550000   1.313000   0.687486
  0.570000   1.313000   0.684608
  0.590000   1.313000   0.681858
  0.610000   1.313000   0.679210
  0.630000   1.313000   0.676641
  0.650000   1.313000   0.674140
  0.670000   1.313000   0.671707
  0.690000   1.313000   0.669322
  0.710000   1.313000   0.666917
  0.730000   1.313000   0.664568
  0.750000   1.313000   0.662277
  0.150000   4.086740   2.502948
  0.170000   4.086740   2.413988
  0.190000   4.086740   2.334543
  0.210000   4.086740   2.262952
  0.230000   4.086740   2.197970
  0.250000   4.086740   2.137863
  0.270000   4.086740   2.082654
  0.290000   4.086740   2.031815
  0.310000   4.086740   1.984777
  0.330000   4.086740   1.941080
  0.350000   4.086740   1.900325
  0.370000   4.086740   1.862196
  0.390000   4.086740   1.826407
  0.410000   4.086740   1.792733
  0.430000   4.086740   1.760962
  0.450000   4.086740   1.730921
  0.470000   4.086740   1.702323
  0.490000   4.086740   1.675059
  0.510000   4.086740   1.649156
  0.530000   4.086740   1.624508
  0.550000   4.086740   1.601009
  0.570000   4.086740   1.578581
  0.590000   4.086740   1.557139
  0.610000   4.086740   1.536614
  0.630000   4.086740   1.516948
  0.650000   4.086740   1.498082
  0.670000   4.086740   1.479962
  0.690000   4.086740   1.462525
  0.710000   4.086740   1.445647
  0.730000   4.086740   1.429404
  0.750000   4.086740   1.413756
  0.150000   6.860480   3.429808
  0.170000   6.860480   3.307235
  0.190000   6.860480   3.197775
  0.210000   6.860480   3.099058
  0.230000   6.860480   3.009314
  0.250000   6.860480   2.926551
  0.270000   6.860480   2.850315
  0.290000   6.860480   2.779862
  0.310000   6.860480   2.714464
  0.330000   6.860480   2.653524
  0.350000   6.860480   2.596529
  0.370000   6.860480   2.543069
  0.390000   6.860480   2.492777
  0.410000   6.860480   2.445355
  0.430000   6.860480   2.400526
  0.450000   6.860480   2.358064
  0.470000   6.860480   2.317632
  0.490000   6.860480   2.279068
  0.510000   6.860480   2.242369
  0.530000   6.860480   2.207384
  0.550000   6.860480   2.173990
  0.570000   6.860480   2.142065
  0.590000   6.860480   2.111510
  0.610000   6.860480   2.082227
  0.630000   6.860480   2.054131
  0.650000   6.860480   2.027147
  0.670000   6.860480   2.001200
  0.690000   6.860480   1.976208
  0.710000   6.860480   1.952030
  0.730000   6.860480   1.928730
  0.750000   6.860480   1.906253
  0.150000   9.634220   4.059603
  0.170000   9.634220   3.917081
  0.190000   9.634220   3.789863
  0.210000   9.634220   3.675154
  0.230000   9.634220   3.570839
  0.250000   9.634220   3.474898
  0.270000   9.634220   3.386454
  0.290000   9.634220   3.304612
  0.310000   9.634220   3.228563
  0.330000   9.634220   3.157632
  0.350000   9.634220   3.091252
  0.370000   9.634220   3.028937
  0.390000   9.634220   2.970284
  0.410000   9.634220   2.914930
  0.430000   9.634220   2.862578
  0.450000   9.634220   2.812954
  0.470000   9.634220   2.765700
  0.490000   9.634220   2.720622
  0.510000   9.634220   2.677681
  0.530000   9.634220   2.636708
  0.550000   9.634220   2.597546
  0.570000   9.634220   2.560078
  0.590000   9.634220   2.524172
  0.610000   9.634220   2.489722
  0.630000   9.634220   2.456637
  0.650000   9.634220   2.424817
  0.670000   9.634220   2.394195
  0.690000   9.634220   2.364662
  0.710000   9.634220   2.336083
  0.730000   9.634220   2.308507
  0.750000   9.634220   2.281871
  0.150000  12.407960   4.534043
  0.170000  12.407960   4.377961
  0.190000  12.407960   4.238743
  0.210000  12.407960   4.113268
  0.230000  12.407960   3.999222
  0.250000  12.407960   3.894607
  0.270000  12.407960   3.798177
  0.290000  12.407960   3.708901
  0.310000  12.407960   3.625925
  0.330000  12.407960   3.548509
  0.350000  12.407960   3.476028
  0.370000  12.407960   3.407962
  0.390000  12.407960   3.343869
  0.410000  12.407960   3.283354
  0.430000  12.407960   3.226074
  0.450000  12.407960   3.171754
  0.470000  12.407960   3.120021
  0.490000  12.407960   3.070676
  0.510000  12.407960   3.023610
  0.530000  12.407960   2.978651
  0.550000  12.407960   2.935659
  0.570000  12.407960   2.894474
  0.590000  12.407960   2.854975
  0.610000  12.407960   2.817044
  0.630000  12.407960   2.780578
  0.650000  12.407960   2.745474
  0.670000  12.407960   2.711668
  0.690000  12.407960   2.679034
  0.710000  12.407960   2.647438
  0.730000  12.407960   2.616923
  0.750000  12.407960   2.587427
  0.150000  15.181700   4.913490
  0.170000  15.181700   4.747466
  0.190000  15.181700   4.599540
  0.210000  15.181700   4.466341
  0.230000  15.181700   4.345365
  0.250000  15.181700   4.234649
  0.270000  15.181700   4.132618
  0.290000  15.181700   4.038146
  0.310000  15.181700   3.950309
  0.330000  15.181700   3.868340
  0.350000  15.181700   3.791562
  0.370000  15.181700   3.719443
  0.390000  15.181700   3.651493
  0.410000  15.181700   3.587303
  0.430000  15.181700   3.526522
  0.450000  15.181700   3.468843
  0.470000  15.181700   3.413907
  0.490000  15.181700   3.361475
  0.510000  15.181700   3.311453
  0.530000  15.181700   3.263615
  0.550000  15.181700   3.217844
  0.570000  15.181700   3.173956
  0.590000  15.181700   3.131834
  0.610000  15.181700   3.091363
  0.630000  15.181700   3.052407
  0.650000  15.181700   3.014891
  0.670000  15.181700   2.978729
  0.690000  15.181700   2.943817
  0.710000  15.181700   2.909989
  0.730000  15.181700   2.877294
  0.750000  15.181700   2.845668
  0.150000  17.955440   5.229079
  0.170000  17.955440   5.055492
  0.190000  17.955440   4.900995
  0.210000  17.955440   4.761993
  0.230000  17.955440   4.635844
  0.250000  17.955440   4.520635
  0.270000  17.955440   4.414468
  0.290000  17.955440   4.316150
  0.310000  17.955440   4.224714
  0.330000  17.955440   4.139346
  0.350000  17.955440   4.059375
  0.370000  17.955440   3.984202
  0.390000  17.955440   3.913360
  0.410000  17.955440   3.846394
  0.430000  17.955440   3.782964
  0.450000  17.955440   3.722713
  0.470000  17.955440   3.665347
  0.490000  17.955440   3.610574
  0.510000  17.955440   3.558283
  0.530000  17.955440   3.508255
  0.550000  17.955440   3.460331
  0.570000  17.955440   3.414375
  0.590000  17.955440   3.370240
  0.610000  17.955440   3.327787
  0.630000  17.955440   3.286925
  0.650000  17.955440   3.247550
  0.670000  17.955440   3.209559
  0.690000  17.955440   3.172858
  0.710000  17.955440   3.137311
  0.730000  17.955440   3.102934
  0.750000  17.955440   3.069654
  0.150000  20.729180   5.499002
  0.170000  20.729180   5.319471
  0.190000  20.729180   5.159846
  0.210000  20.729180   5.016356
  0.230000  20.729180   4.886204
  0.250000  20.729180   4.767535
  0.270000  20.729180   4.658192
  0.290000  20.729180   4.556912
  0.310000  20.729180   4.462678
  0.330000  20.729180   4.374666
  0.350000  20.729180   4.292180
  0.370000  20.729180   4.214637
  0.390000  20.729180   4.141486
  0.410000  20.729180   4.072348
  0.430000  20.729180   4.006811
  0.450000  20.729180   3.944550
  0.470000  20.729180   3.885246
  0.490000  20.729180   3.828618
  0.510000  20.729180   3.774526
  0.530000  20.729180   3.722744
  0.550000  20.729180   3.673125
  0.570000  20.729180   3.625523
  0.590000  20.729180   3.579747
  0.610000  20.729180   3.535741
  0.630000  20.729180   3.493338
  0.650000  20.729180   3.452462
  0.670000  20.729180   3.413004
  0.690000  20.729180   3.374881
  0.710000  20.729180   3.337943
  0.730000  20.729180   3.302205
  0.750000  20.729180   3.267594
  0.150000  23.502920   5.734713
  0.170000  23.502920   5.550407
  0.190000  23.502920   5.386694
  0.210000  23.502920   5.239615
  0.230000  23.502920   5.106271
  0.250000  23.502920   4.984858
  0.270000  23.502920   4.872991
  0.290000  23.502920   4.769319
  0.310000  23.502920   4.672839
  0.330000  23.502920   4.582718
  0.350000  23.502920   4.498197
  0.370000  23.502920   4.418703
  0.390000  23.502920   4.343726
  0.410000  23.502920   4.272794
  0.430000  23.502920   4.205527
  0.450000  23.502920   4.141630
  0.470000  23.502920   4.080732
  0.490000  23.502920   4.022597
  0.510000  23.502920   3.967030
  0.530000  23.502920   3.913821
  0.550000  23.502920   3.862802
  0.570000  23.502920   3.813825
  0.590000  23.502920   3.766739
  0.610000  23.502920   3.721430
  0.630000  23.502920   3.677767
  0.650000  23.502920   3.635656
  0.670000  23.502920   3.595004
  0.690000  23.502920   3.555683
  0.710000  23.502920   3.517621
  0.730000  23.502920   3.480748
  0.750000  23.502920   3.445050
  0.150000  26.276660   5.943886
  0.170000  26.276660   5.755675
  0.190000  26.276660   5.588607
  0.210000  26.276660   5.438602
  0.230000  26.276660   5.302631
  0.250000  26.276660   5.178972
  0.270000  26.276660   5.065042
  0.290000  26.276660   4.959426
  0.310000  26.276660   4.861081
  0.330000  26.276660   4.769194
  0.350000  26.276660   4.683012
  0.370000  26.276660   4.601906
  0.390000  26.276660   4.525363
  0.410000  26.276660   4.452952
  0.430000  26.276660   4.384260
  0.450000  26.276660   4.318986
  0.470000  26.276660   4.256756
  0.490000  26.276660   4.197359
  0.510000  26.276660   4.140558
  0.530000  26.276660   4.086147
  0.550000  26.276660   4.033966
  0.570000  26.276660   3.983851
  0.590000  26.276660   3.935650
  0.610000  26.276660   3.889253
  0.630000  26.276660   3.844528
  0.650000  26.276660   3.801367
  0.670000  26.276660   3.759707
  0.690000  26.276660   3.719417
  0.710000  26.276660   3.680372
  0.730000  26.276660   3.642568
  0.750000  26.276660   3.605924
  0.150000  29.050400   6.131894
  0.170000  29.050400   5.940419
  0.190000  29.050400   5.770565
  0.210000  29.050400   5.618099
  0.230000  29.050400   5.479928
  0.250000  29.050400   5.354414
  0.270000  29.050400   5.238749
  0.290000  29.050400   5.131493
  0.310000  29.050400   5.031596
  0.330000  29.050400   4.938209
  0.350000  29.050400   4.850589
  0.370000  29.050400   4.768127
  0.390000  29.050400   4.690273
  0.410000  29.050400   4.616610
  0.430000  29.050400   4.546696
  0.450000  29.050400   4.480223
  0.470000  29.050400   4.416895
  0.490000  29.050400   4.356418
  0.510000  29.050400   4.298562
  0.530000  29.050400   4.243133
  0.550000  29.050400   4.189960
  0.570000  29.050400   4.138860
  0.590000  29.050400   4.089701
  0.610000  29.050400   4.042386
  0.630000  29.050400   3.996763
  0.650000  29.050400   3.952707
  0.670000  29.050400   3.910167
  0.690000  29.050400   3.869032
  0.710000  29.050400   3.829182
  0.730000  29.050400   3.790556
  0.750000  29.050400   3.753134
  0.150000  31.824140   6.302640
  0.170000  31.824140   6.108401
  0.190000  31.824140   5.936169
  0.210000  31.824140   5.781611
  0.230000  31.824140   5.641561
  0.250000  31.824140   5.514479
  0.270000  31.824140   5.397327
  0.290000  31.824140   5.288678
  0.310000  31.824140   5.187424
  0.330000  31.824140   5.092775
  0.350000  31.824140   5.003908
  0.370000  31.824140   4.920289
  0.390000  31.824140   4.841294
  0.410000  31.824140   4.766528
  0.430000  31.824140   4.695572
  0.450000  31.824140   4.628080
  0.470000  31.824140   4.563784
  0.490000  31.824140   4.502378
  0.510000  31.824140   4.443606
  0.530000  31.824140   4.387303
  0.550000  31.824140   4.333262
  0.570000  31.824140   4.281340
  0.590000  31.824140   4.231354
  0.610000  31.824140   4.183222
  0.630000  31.824140   4.136812
  0.650000  31.824140   4.092017
  0.670000  31.824140   4.048705
  0.690000  31.824140   4.006833
  0.710000  31.824140   3.966268
  0.730000  31.824140   3.926952
  0.750000  31.824140   3.888850
  0.150000  34.597880   6.459022
  0.170000  34.597880   6.262401
  0.190000  34.597880   6.088111
  0.210000  34.597880   5.931758
  0.230000  34.597880   5.790099
  0.250000  34.597880   5.661633
  0.270000  34.597880   5.543210
  0.290000  34.597880   5.433324
  0.310000  34.597880   5.330942
  0.330000  34.597880   5.235146
  0.350000  34.597880   5.145238
  0.370000  34.597880   5.060560
  0.390000  34.597880   4.980607
  0.410000  34.597880   4.904877
  0.430000  34.597880   4.832999
  0.450000  34.597880   4.764617
  0.470000  34.597880   4.699459
  0.490000  34.597880   4.637255
  0.510000  34.597880   4.577718
  0.530000  34.597880   4.520639
  0.550000  34.597880   4.465822
  0.570000  34.597880   4.413150
  0.590000  34.597880   4.362472
  0.610000  34.597880   4.313630
  0.630000  34.597880   4.266527
  0.650000  34.597880   4.221053
  0.670000  34.597880   4.177093
  0.690000  34.597880   4.134581
  0.710000  34.597880   4.093379
  0.730000  34.597880   4.053466
  0.750000  34.597880   4.014748
  0.150000  37.371620   6.603283
  0.170000  37.371620   6.404590
  0.190000  37.371620   6.228519
  0.210000  37.371620   6.070580
  0.230000  37.371620   5.927482
  0.250000  37.371620   5.797825
  0.270000  37.371620   5.678284
  0.290000  37.371620   5.567343
  0.310000  37.371620   5.463923
  0.330000  37.371620   5.367152
  0.350000  37.371620   5.276305
  0.370000  37.371620   5.190718
  0.390000  37.371620   5.109885
  0.410000  37.371620   5.033319
  0.430000  37.371620   4.960626
  0.450000  37.371620   4.891457
  0.470000  37.371620   4.825569
  0.490000  37.371620   4.762655
  0.510000  37.371620   4.702389
  0.530000  37.371620   4.644624
  0.550000  37.371620   4.589175
  0.570000  37.371620   4.535839
  0.590000  37.371620   4.484518
  0.610000  37.371620   4.435065
  0.630000  37.371620   4.387347
  0.650000  37.371620   4.341263
  0.670000  37.371620   4.296740
  0.690000  37.371620   4.253653
  0.710000  37.371620   4.211898
  0.730000  37.371620   4.171446
  0.750000  37.371620   4.132196
  0.150000  40.145360   6.737187
  0.170000  40.145360   6.536648
  0.190000  40.145360   6.359007
  0.210000  40.145360   6.199666
  0.230000  40.145360   6.055313
  0.250000  40.145360   5.924580
  0.270000  40.145360   5.804064
  0.290000  40.145360   5.692161
  0.310000  40.145360   5.587836
  0.330000  40.145360   5.490197
  0.350000  40.145360   5.398502
  0.370000  40.145360   5.312121
  0.390000  40.145360   5.230505
  0.410000  40.145360   5.153180
  0.430000  40.145360   5.079758
  0.450000  40.145360   5.009913
  0.470000  40.145360   4.943333
  0.490000  40.145360   4.879770
  0.510000  40.145360   4.818920
  0.530000  40.145360   4.760537
  0.550000  40.145360   4.704486
  0.570000  40.145360   4.650589
  0.590000  40.145360   4.598703
  0.610000  40.145360   4.548678
  0.630000  40.145360   4.500431
  0.650000  40.145360   4.453812
  0.670000  40.145360   4.408768
  0.690000  40.145360   4.365160
  0.710000  40.145360   4.322924
  0.730000  40.145360   4.281991
  0.750000  40.145360   4.242264
  0.150000  42.919100   6.862102
  0.170000  42.919100   6.659928
  0.190000  42.919100   6.480864
  0.210000  42.919100   6.320280
  0.230000  42.919100   6.174770
  0.250000  42.919100   6.043136
  0.270000  42.919100   5.921723
  0.290000  42.919100   5.808976
  0.310000  42.919100   5.703835
  0.330000  42.919100   5.605416
  0.350000  42.919100   5.512976
  0.370000  42.919100   5.425878
  0.390000  42.919100   5.343548
  0.410000  42.919100   5.265562
  0.430000  42.919100   5.191493
  0.450000  42.919100   5.120990
  0.470000  42.919100   5.053837
  0.490000  42.919100   4.989710
  0.510000  42.919100   4.928288
  0.530000  42.919100   4.869376
  0.550000  42.919100   4.812786
  0.570000  42.919100   4.758358
  0.590000  42.919100   4.705968
  0.610000  42.919100   4.655441
  0.630000  42.919100   4.606716
  0.650000  42.919100   4.559622
  0.670000  42.919100   4.514089
  0.690000  42.919100   4.470047
  0.710000  42.919100   4.427365
  0.730000  42.919100   4.385994
  0.750000  42.919100   4.345846
  0.150000  45.692840   6.979161
  0.170000  45.692840   6.775549
  0.190000  45.692840   6.595206
  0.210000  45.692840   6.433482
  0.230000  45.692840   6.286969
  0.250000  45.692840   6.154452
  0.270000  45.692840   6.032251
  0.290000  45.692840   5.918747
  0.310000  45.692840   5.812874
  0.330000  45.692840   5.713751
  0.350000  45.692840   5.620636
  0.370000  45.692840   5.532857
  0.390000  45.692840   5.449927
  0.410000  45.692840   5.371315
  0.430000  45.692840   5.296649
  0.450000  45.692840   5.225605
  0.470000  45.692840   5.157901
  0.490000  45.692840   5.093266
  0.510000  45.692840   5.031333
  0.530000  45.692840   4.971927
  0.550000  45.692840   4.914873
  0.570000  45.692840   4.859971
  0.590000  45.692840   4.807126
  0.610000  45.692840   4.756155
  0.630000  45.692840   4.706965
  0.650000  45.692840   4.659460
  0.670000  45.692840   4.613503
  0.690000  45.692840   4.569038
  0.710000  45.692840   4.525970
  0.730000  45.692840   4.484199
  0.750000  45.692840   4.443665
  0.150000  48.466580   7.089301
  0.170000  48.466580   6.884361
  0.190000  48.466580   6.702890
  0.210000  48.466580   6.540120
  0.230000  48.466580   6.392650
  0.250000  48.466580   6.259400
  0.270000  48.466580   6.136486
  0.290000  48.466580   6.022280
  0.310000  48.466580   5.915749
  0.330000  48.466580   5.815989
  0.350000  48.466580   5.722232
  0.370000  48.466580   5.633894
  0.390000  48.466580   5.550353
  0.410000  48.466580   5.471208
  0.430000  48.466580   5.396037
  0.450000  48.466580   5.324437
  0.470000  48.466580   5.256261
  0.490000  48.466580   5.191160
  0.510000  48.466580   5.128772
  0.530000  48.466580   5.068935
  0.550000  48.466580   5.011421
  0.570000  48.466580   4.956104
  0.590000  48.466580   4.902818
  0.610000  48.466580   4.851465
  0.630000  48.466580   4.801868
  0.650000  48.466580   4.753965
  0.670000  48.466580   4.707632
  0.690000  48.466580   4.662782
  0.710000  48.466580   4.619349
  0.730000  48.466580   4.577223
  0.750000  48.466580   4.536348
  0.150000  51.240320   7.193319
  0.170000  51.240320   6.987146
  0.190000  51.240320   6.804622
  0.210000  51.240320   6.640924
  0.230000  51.240320   6.492629
  0.250000  51.240320   6.358644
  0.270000  51.240320   6.235074
  0.290000  51.240320   6.120251
  0.310000  51.240320   6.013121
  0.330000  51.240320   5.912748
  0.350000  51.240320   5.818464
  0.370000  51.240320   5.729544
  0.390000  51.240320   5.645511
  0.410000  51.240320   5.565859
  0.430000  51.240320   5.490174
  0.450000  51.240320   5.418124
  0.470000  51.240320   5.349493
  0.490000  51.240320   5.283970
  0.510000  51.240320   5.221163
  0.530000  51.240320   5.160922
  0.550000  51.240320   5.103017
  0.570000  51.240320   5.047314
  0.590000  51.240320   4.993651
  0.610000  51.240320   4.941909
  0.630000  51.240320   4.891960
  0.650000  51.240320   4.843691
  0.670000  51.240320   4.797002
  0.690000  51.240320   4.751808
  0.710000  51.240320   4.708055
  0.730000  51.240320   4.665602
  0.750000  51.240320   4.624407
  0.150000  54.014060   7.291792
  0.170000  54.014060   7.084558
  0.190000  54.014060   6.901038
  0.210000  54.014060   6.736483
  0.230000  54.014060   6.587389
  0.250000  54.014060   6.452805
  0.270000  54.014060   6.328629
  0.290000  54.014060   6.213224
  0.310000  54.014060   6.105517
  0.330000  54.014060   6.004642
  0.350000  54.014060   5.909802
  0.370000  54.014060   5.820416
  0.390000  54.014060   5.735895
  0.410000  54.014060   5.655774
  0.430000  54.014060   5.579644
  0.450000  54.014060   5.507146
  0.470000  54.014060   5.438131
  0.490000  54.014060   5.372199
  0.510000  54.014060   5.309039
  0.530000  54.014060   5.248397
  0.550000  54.014060   5.190148
  0.570000  54.014060   5.134078
  0.590000  54.014060   5.080074
  0.610000  54.014060   5.027994
  0.630000  54.014060   4.977694
  0.650000  54.014060   4.929095
  0.670000  54.014060   4.882090
  0.690000  54.014060   4.836580
  0.710000  54.014060   4.792528
  0.730000  54.014060   4.749792
  0.750000  54.014060   4.708278
  0.150000  56.787800   7.385361
  0.170000  56.787800   7.177084
  0.190000  56.787800   6.992683
  0.210000  56.787800   6.827342
  0.230000  56.787800   6.677513
  0.250000  56.787800   6.542334
  0.270000  56.787800   6.417616
  0.290000  56.787800   6.301668
  0.310000  56.787800   6.193467
  0.330000  56.787800   6.092076
  0.350000  56.787800   5.996783
  0.370000  56.787800   5.906938
  0.390000  56.787800   5.821968
  0.410000  56.787800   5.741417
  0.430000  56.787800   5.664876
  0.450000  56.787800   5.592004
  0.470000  56.787800   5.522584
  0.490000  56.787800   5.456310
  0.510000  56.787800   5.392792
  0.530000  56.787800   5.331817
  0.550000  56.787800   5.273221
  0.570000  56.787800   5.216834
  0.590000  56.787800   5.162498
  0.610000  56.787800   5.110100
  0.630000  56.787800   5.059493
  0.650000  56.787800   5.010586
  0.670000  56.787800   4.963295
  0.690000  56.787800   4.917512
  0.710000  56.787800   4.873152
  0.730000  56.787800   4.830133
  0.750000  56.787800   4.788349
  0.150000  59.561540   7.474445
  0.170000  59.561540   7.265204
  0.190000  59.561540   7.079987
  0.210000  59.561540   6.913902
  0.230000  59.561540   6.763410
  0.250000  59.561540   6.627693
  0.270000  59.561540   6.502465
  0.290000  59.561540   6.386024
  0.310000  59.561540   6.277354
  0.330000  59.561540   6.175500
  0.350000  59.561540   6.079798
  0.370000  59.561540   5.989500
  0.390000  59.561540   5.904127
  0.410000  59.561540   5.823182
  0.430000  59.561540   5.746280
  0.450000  59.561540   5.673014
  0.470000  59.561540   5.603250
  0.490000  59.561540   5.536654
  0.510000  59.561540   5.472804
  0.530000  59.561540   5.411523
  0.550000  59.561540   5.352620
  0.570000  59.561540   5.295909
  0.590000  59.561540   5.241280
  0.610000  59.561540   5.188595
  0.630000  59.561540   5.137711
  0.650000  59.561540   5.088539
  0.670000  59.561540   5.040952
  0.690000  59.561540   4.994879
  0.710000  59.561540   4.950268
  0.730000  59.561540   4.907006
  0.750000  59.561540   4.865002
  0.150000  62.335280   7.559450
  0.170000  62.335280   7.349355
  0.190000  62.335280   7.163371
  0.210000  62.335280   6.996574
  0.230000  62.335280   6.845461
  0.250000  62.335280   6.709242
  0.270000  62.335280   6.583545
  0.290000  62.335280   6.466680
  0.310000  62.335280   6.357538
  0.330000  62.335280   6.255293
  0.350000  62.335280   6.159142
  0.370000  62.335280   6.068475
  0.390000  62.335280   5.982707
  0.410000  62.335280   5.901422
  0.430000  62.335280   5.824141
  0.450000  62.335280   5.750533
  0.470000  62.335280   5.680458
  0.490000  62.335280   5.613544
  0.510000  62.335280   5.549407
  0.530000  62.335280   5.487834
  0.550000  62.335280   5.428626
  0.570000  62.335280   5.371649
  0.590000  62.335280   5.316737
  0.610000  62.335280   5.263787
  0.630000  62.335280   5.212654
  0.650000  62.335280   5.163191
  0.670000  62.335280   5.115353
  0.690000  62.335280   5.069028
  0.710000  62.335280   5.024207
  0.730000  62.335280   4.980698
  0.750000  62.335280   4.938434
  0.150000  65.109020   7.640762
  0.170000  65.109020   7.429819
  0.190000  65.109020   7.243106
  0.210000  65.109020   7.075695
  0.230000  65.109020   6.924002
  0.250000  65.109020   6.787298
  0.270000  65.109020   6.661190
  0.290000  65.109020   6.543867
  0.310000  65.109020   6.434344
  0.330000  65.109020   6.331692
  0.350000  65.109020   6.235180
  0.370000  65.109020   6.144139
  0.390000  65.109020   6.058043
  0.410000  65.109020   5.976386
  0.430000  65.109020   5.898779
  0.450000  65.109020   5.824863
  0.470000  65.109020   5.754473
  0.490000  65.109020   5.687293
  0.510000  65.109020   5.622874
  0.530000  65.109020   5.561019
  0.550000  65.109020   5.501548
  0.570000  65.109020   5.444304
  0.590000  65.109020   5.389162
  0.610000  65.109020   5.335952
  0.630000  65.109020   5.284539
  0.650000  65.109020   5.234844
  0.670000  65.109020   5.186782
  0.690000  65.109020   5.140241
  0.710000  65.109020   5.095169
  0.730000  65.109020   5.051439
  0.750000  65.109020   5.008983
  0.150000  67.882760   7.718655
  0.170000  67.882760   7.506951
  0.190000  67.882760   7.319561
  0.210000  67.882760   7.151545
  0.230000  67.882760   6.999303
  0.250000  67.882760   6.862181
  0.270000  67.882760   6.735670
  0.290000  67.882760   6.617939
  0.310000  67.882760   6.508041
  0.330000  67.882760   6.405025
  0.350000  67.882760   6.308158
  0.370000  67.882760   6.216778
  0.390000  67.882760   6.130329
  0.410000  67.882760   6.048369
  0.430000  67.882760   5.970461
  0.450000  67.882760   5.896232
  0.470000  67.882760   5.825581
  0.490000  67.882760   5.758130
  0.510000  67.882760   5.693452
  0.530000  67.882760   5.631339
  0.550000  67.882760   5.571625
  0.570000  67.882760   5.514157
  0.590000  67.882760   5.458751
  0.610000  67.882760   5.405294
  0.630000  67.882760   5.353649
  0.650000  67.882760   5.303763
  0.670000  67.882760   5.255463
  0.690000  67.882760   5.208685
  0.710000  67.882760   5.163424
  0.730000  67.882760   5.119501
  0.750000  67.882760   5.076821
  0.150000  70.656500   7.793431
  0.170000  70.656500   7.581000
  0.190000  70.656500   7.392983
  0.210000  70.656500   7.224390
  0.230000  70.656500   7.071617
  0.250000  70.656500   6.934126
  0.270000  70.656500   6.807198
  0.290000  70.656500   6.689141
  0.310000  70.656500   6.578869
  0.330000  70.656500   6.475498
  0.350000  70.656500   6.378301
  0.370000  70.656500   6.286593
  0.390000  70.656500   6.199866
  0.410000  70.656500   6.117600
  0.430000  70.656500   6.039393
  0.450000  70.656500   5.964898
  0.470000  70.656500   5.893980
  0.490000  70.656500   5.826283
  0.510000  70.656500   5.761355
  0.530000  70.656500   5.699015
  0.550000  70.656500   5.639085
  0.570000  70.656500   5.581360
  0.590000  70.656500   5.525732
  0.610000  70.656500   5.472052
  0.630000  70.656500   5.420231
  0.650000  70.656500   5.370099
  0.670000  70.656500   5.321584
  0.690000  70.656500   5.274626
  0.710000  70.656500   5.229158
  0.730000  70.656500   5.185031
  0.750000  70.656500   5.142183
  0.150000  73.430240   7.865297
  0.170000  73.430240   7.652200
  0.190000  73.430240   7.463573
  0.210000  73.430240   7.294458
  0.230000  73.430240   7.141212
  0.250000  73.430240   7.003339
  0.270000  73.430240   6.876048
  0.290000  73.430240   6.757635
  0.310000  73.430240   6.647046
  0.330000  73.430240   6.543347
  0.350000  73.430240   6.445858
  0.370000  73.430240   6.353854
  0.390000  73.430240   6.266804
  0.410000  73.430240   6.184268
  0.430000  73.430240   6.105802
  0.450000  73.430240   6.031045
  0.470000  73.430240   5.959872
  0.490000  73.430240   5.891941
  0.510000  73.430240   5.826798
  0.530000  73.430240   5.764248
  0.550000  73.430240   5.704066
  0.570000  73.430240   5.646139
  0.590000  73.430240   5.590306
  0.610000  73.430240   5.536440
  0.630000  73.430240   5.484380
  0.650000  73.430240   5.434057
  0.670000  73.430240   5.385369
  0.690000  73.430240   5.338198
  0.710000  73.430240   5.292548
  0.730000  73.430240   5.248264
  0.750000  73.430240   5.205215
  0.150000  76.203980   7.934495
  0.170000  76.203980   7.720751
  0.190000  76.203980   7.531579
  0.210000  76.203980   7.361961
  0.230000  76.203980   7.208258
  0.250000  76.203980   7.069998
  0.270000  76.203980   6.942416
  0.290000  76.203980   6.823664
  0.310000  76.203980   6.712756
  0.330000  76.203980   6.608775
  0.350000  76.203980   6.510962
  0.370000  76.203980   6.418685
  0.390000  76.203980   6.331386
  0.410000  76.203980   6.248575
  0.430000  76.203980   6.169857
  0.450000  76.203980   6.094833
  0.470000  76.203980   6.023436
  0.490000  76.203980   5.955295
  0.510000  76.203980   5.889956
  0.530000  76.203980   5.827164
  0.550000  76.203980   5.766791
  0.570000  76.203980   5.708669
  0.590000  76.203980   5.652645
  0.610000  76.203980   5.598559
  0.630000  76.203980   5.546326
  0.650000  76.203980   5.495830
  0.670000  76.203980   5.446933
  0.690000  76.203980   5.399586
  0.710000  76.203980   5.353782
  0.730000  76.203980   5.309306
  0.750000  76.203980   5.266103
  0.150000  78.977720   8.001239
  0.170000  78.977720   7.786867
  0.190000  78.977720   7.597161
  0.210000  78.977720   7.427053
  0.230000  78.977720   7.272943
  0.250000  78.977720   7.134330
  0.270000  78.977720   7.006422
  0.290000  78.977720   6.887389
  0.310000  78.977720   6.776169
  0.330000  78.977720   6.671898
  0.350000  78.977720   6.573824
  0.370000  78.977720   6.481286
  0.390000  78.977720   6.393719
  0.410000  78.977720   6.310672
  0.430000  78.977720   6.231692
  0.450000  78.977720   6.156454
  0.470000  78.977720   6.084835
  0.490000  78.977720   6.016513
  0.510000  78.977720   5.950944
  0.530000  78.977720   5.887967
  0.550000  78.977720   5.827409
  0.570000  78.977720   5.769100
  0.590000  78.977720   5.712867
  0.610000  78.977720   5.658618
  0.630000  78.977720   5.606212
  0.650000  78.977720   5.555519
  0.670000  78.977720   5.506461
  0.690000  78.977720   5.458949
  0.710000  78.977720   5.412984
  0.730000  78.977720   5.368342
  0.750000  78.977720   5.324992
  0.150000  81.751460   8.065618
  0.170000  81.751460   7.850682
  0.190000  81.751460   7.660476
  0.210000  81.751460   7.489906
  0.230000  81.751460   7.335378
  0.250000  81.751460   7.196494
  0.270000  81.751460   7.068276
  0.290000  81.751460   6.948961
  0.310000  81.751460   6.837471
  0.330000  81.751460   6.732936
  0.350000  81.751460   6.634573
  0.370000  81.751460   6.541789
  0.390000  81.751460   6.453992
  0.410000  81.751460   6.370698
  0.430000  81.751460   6.291498
  0.450000  81.751460   6.216032
  0.470000  81.751460   6.144239
  0.490000  81.751460   6.075699
  0.510000  81.751460   6.009944
  0.530000  81.751460   5.946788
  0.550000  81.751460   5.886053
  0.570000  81.751460   5.827543
  0.590000  81.751460   5.771155
  0.610000  81.751460   5.716734
  0.630000  81.751460   5.664140
  0.650000  81.751460   5.613299
  0.670000  81.751460   5.564065
  0.690000  81.751460   5.516402
  0.710000  81.751460   5.470268
  0.730000  81.751460   5.425492
  0.750000  81.751460   5.381985
  0.150000  84.525200   8.127879
  0.170000  84.525200   7.912390
  0.190000  84.525200   7.721694
  0.210000  84.525200   7.550719
  0.230000  84.525200   7.395785
  0.250000  84.525200   7.256590
  0.270000  84.525200   7.128111
  0.290000  84.525200   7.008501
  0.310000  84.525200   6.896740
  0.330000  84.525200   6.791963
  0.350000  84.525200   6.693388
  0.370000  84.525200   6.600349
  0.390000  84.525200   6.512327
  0.410000  84.525200   6.428808
  0.430000  84.525200   6.349399
  0.450000  84.525200   6.273733
  0.470000  84.525200   6.201737
  0.490000  84.525200   6.133003
  0.510000  84.525200   6.067067
  0.530000  84.525200   6.003758
  0.550000  84.525200   5.942824
  0.570000  84.525200   5.884165
  0.590000  84.525200   5.827612
  0.610000  84.525200   5.773010
  0.630000  84.525200   5.720280
  0.650000  84.525200   5.669256
  0.670000  84.525200   5.619878
  0.690000  84.525200   5.572061
  0.710000  84.525200   5.525791
  0.730000  84.525200   5.480870
  0.750000  84.525200   5.437228
  0.150000  87.298940   8.188101
  0.170000  87.298940   7.972095
  0.190000  87.298940   7.780943
  0.210000  87.298940   7.609569
  0.230000  87.298940   7.454262
  0.250000  87.298940   7.314786
  0.270000  87.298940   7.186034
  0.290000  87.298940   7.066185
  0.310000  87.298940   6.954188
  0.330000  87.298940   6.849138
  0.350000  87.298940   6.750322
  0.370000  87.298940   6.657076
  0.390000  87.298940   6.568817
  0.410000  87.298940   6.485095
  0.430000  87.298940   6.405493
  0.450000  87.298940   6.329648
  0.470000  87.298940   6.257433
  0.490000  87.298940   6.188527
  0.510000  87.298940   6.122466
  0.530000  87.298940   6.058953
  0.550000  87.298940   5.997875
  0.570000  87.298940   5.939063
  0.590000  87.298940   5.882333
  0.610000  87.298940   5.827600
  0.630000  87.298940   5.774689
  0.650000  87.298940   5.723529
  0.670000  87.298940   5.674008
  0.690000  87.298940   5.626045
  0.710000  87.298940   5.579643
  0.730000  87.298940   5.534588
  0.750000  87.298940   5.490802
  0.150000  90.072680   8.246445
  0.170000  90.072680   8.029932
  0.190000  90.072680   7.838324
  0.210000  90.072680   7.666552
  0.230000  90.072680   7.510945
  0.250000  90.072680   7.371185
  0.270000  90.072680   7.242168
  0.290000  90.072680   7.122068
  0.310000  90.072680   7.009842
  0.330000  90.072680   6.904591
  0.350000  90.072680   6.805549
  0.370000  90.072680   6.712078
  0.390000  90.072680   6.623615
  0.410000  90.072680   6.539687
  0.430000  90.072680   6.459912
  0.450000  90.072680   6.383846
  0.470000  90.072680   6.311468
  0.490000  90.072680   6.242441
  0.510000  90.072680   6.176183
  0.530000  90.072680   6.112521
  0.550000  90.072680   6.051305
  0.570000  90.072680   5.992318
  0.590000  90.072680   5.935459
  0.610000  90.072680   5.880553
  0.630000  90.072680   5.827511
  0.650000  90.072680   5.776215
  0.670000  90.072680   5.726548
  0.690000  90.072680   5.678453
  0.710000  90.072680   5.631918
  0.730000  90.072680   5.586732
  0.750000  90.072680   5.542834
  0.150000  92.846420   8.302982
  0.170000  92.846420   8.086029
  0.190000  92.846420   7.894015
  0.210000  92.846420   7.721846
  0.230000  92.846420   7.565880
  0.250000  92.846420   7.425884
  0.270000  92.846420   7.296657
  0.290000  92.846420   7.176328
  0.310000  92.846420   7.063850
  0.330000  92.846420   6.958379
  0.350000  92.846420   6.859140
  0.370000  92.846420   6.765459
  0.390000  92.846420   6.676811
  0.410000  92.846420   6.592709
  0.430000  92.846420   6.512725
  0.450000  92.846420   6.436485
  0.470000  92.846420   6.363963
  0.490000  92.846420   6.294763
  0.510000  92.846420   6.228346
  0.530000  92.846420   6.164560
  0.550000  92.846420   6.103170
  0.570000  92.846420   6.044051
  0.590000  92.846420   5.987038
  0.610000  92.846420   5.932005
  0.630000  92.846420   5.878829
  0.650000  92.846420   5.827392
  0.670000  92.846420   5.777596
  0.690000  92.846420   5.729367
  0.710000  92.846420   5.682713
  0.730000  92.846420   5.637410
  0.750000  92.846420   5.593376
  0.150000  95.620160   8.357876
  0.170000  95.620160   8.140420
  0.190000  95.620160   7.948053
  0.210000  95.620160   7.775533
  0.230000  95.620160   7.619240
  0.250000  95.620160   7.479012
  0.270000  95.620160   7.349553
  0.290000  95.620160   7.228989
  0.310000  95.620160   7.116328
  0.330000  95.620160   7.010641
  0.350000  95.620160   6.911187
  0.370000  95.620160   6.817318
  0.390000  95.620160   6.728481
  0.410000  95.620160   6.644220
  0.430000  95.620160   6.564035
  0.450000  95.620160   6.487625
  0.470000  95.620160   6.414964
  0.490000  95.620160   6.345598
  0.510000  95.620160   6.279062
  0.530000  95.620160   6.215110
  0.550000  95.620160   6.153583
  0.570000  95.620160   6.094335
  0.590000  95.620160   6.037193
  0.610000  95.620160   5.982025
  0.630000  95.620160   5.928717
  0.650000  95.620160   5.877154
  0.670000  95.620160   5.827227
  0.690000  95.620160   5.778880
  0.710000  95.620160   5.732109
  0.730000  95.620160   5.686678
  0.750000  95.620160   5.642552
  0.150000  98.393900   8.411172
  0.170000  98.393900   8.193310
  0.190000  98.393900   8.000522
  0.210000  98.393900   7.827703
  0.230000  98.393900   7.671092
  0.250000  98.393900   7.530616
  0.270000  98.393900   7.400941
  0.290000  98.393900   7.280176
  0.310000  98.393900   7.167306
  0.330000  98.393900   7.061437
  0.350000  98.393900   6.961789
  0.370000  98.393900   6.867748
  0.390000  98.393900   6.778739
  0.410000  98.393900   6.694270
  0.430000  98.393900   6.613926
  0.450000  98.393900   6.537390
  0.470000  98.393900   6.464547
  0.490000  98.393900   6.395061
  0.510000  98.393900   6.328376
  0.530000  98.393900   6.264286
  0.550000  98.393900   6.202647
  0.570000  98.393900   6.143264
  0.590000  98.393900   6.085978
  0.610000  98.393900   6.030690
  0.630000  98.393900   5.977261
  0.650000  98.393900   5.925572
  0.670000  98.393900   5.875528
  0.690000  98.393900   5.827063
  0.710000  98.393900   5.780169
  0.730000  98.393900   5.734650
  0.750000  98.393900   5.690397
  0.150000 101.167640   8.462993
  0.170000 101.167640   8.244689
  0.190000 101.167640   8.051558
  0.210000 101.167640   7.878383
  0.230000 101.167640   7.721493
  0.250000 101.167640   7.580826
  0.270000 101.167640   7.450946
  0.290000 101.167640   7.329988
  0.310000 101.167640   7.216916
  0.330000 101.167640   7.110845
  0.350000 101.167640   7.011019
  0.370000 101.167640   6.916802
  0.390000 101.167640   6.827642
  0.410000 101.167640   6.742995
  0.430000 101.167640   6.662508
  0.450000 101.167640   6.585803
  0.470000 101.167640   6.512815
  0.490000 101.167640   6.443213
  0.510000 101.167640   6.376380
  0.530000 101.167640   6.312189
  0.550000 101.167640   6.250395
  0.570000 101.167640   6.190881
  0.590000 101.167640   6.133488
  0.610000 101.167640   6.078077
  0.630000 101.167640   6.024528
  0.650000 101.167640   5.972720
  0.670000 101.167640   5.922564
  0.690000 101.167640   5.873974
  0.710000 101.167640   5.826996
  0.730000 101.167640   5.781355
  0.750000 101.167640   5.737008
  0.150000 103.941380   8.513401
  0.170000 103.941380   8.294718
  0.190000 103.941380   8.101198
  0.210000 103.941380   7.927736
  0.230000 103.941380   7.770572
  0.250000 103.941380   7.629669
  0.270000 103.941380   7.499601
  0.290000 103.941380   7.378451
  0.310000 103.941380   7.265201
  0.330000 103.941380   7.158949
  0.350000 103.941380   7.058963
  0.370000 103.941380   6.964579
  0.390000 103.941380   6.875224
  0.410000 103.941380   6.790421
  0.430000 103.941380   6.709821
  0.450000 103.941380   6.632937
  0.470000 103.941380   6.559843
  0.490000 103.941380   6.490087
  0.510000 103.941380   6.423155
  0.530000 103.941380   6.358813
  0.550000 103.941380   6.296912
  0.570000 103.941380   6.237290
  0.590000 103.941380   6.179771
  0.610000 103.941380   6.124249
  0.630000 103.941380   6.070576
  0.650000 103.941380   6.018670
  0.670000 103.941380   5.968387
  0.690000 103.941380   5.919712
  0.710000 103.941380   5.872615
  0.730000 103.941380   5.826884
  0.750000 103.941380   5.782440
  0.150000 106.715120   8.562483
  0.170000 106.715120   8.343412
  0.190000 106.715120   8.149554
  0.210000 106.715120   7.975788
  0.230000 106.715120   7.818341
  0.250000 106.715120   7.677258
  0.270000 106.715120   7.546991
  0.290000 106.715120   7.425669
  0.310000 106.715120   7.312247
  0.330000 106.715120   7.205813
  0.350000 106.715120   7.105659
  0.370000 106.715120   7.011136
  0.390000 106.715120   6.921613
  0.410000 106.715120   6.836686
  0.430000 106.715120   6.755905
  0.450000 106.715120   6.678896
  0.470000 106.715120   6.605660
  0.490000 106.715120   6.535779
  0.510000 106.715120   6.468732
  0.530000 106.715120   6.404284
  0.550000 106.715120   6.342272
  0.570000 106.715120   6.282522
  0.590000 106.715120   6.224895
  0.610000 106.715120   6.169252
  0.630000 106.715120   6.115494
  0.650000 106.715120   6.063457
  0.670000 106.715120   6.013092
  0.690000 106.715120   5.964295
  0.710000 106.715120   5.917113
  0.730000 106.715120   5.871288
  0.750000 106.715120   5.826740
  0.150000 109.488860   8.610267
  0.170000 109.488860   8.390829
  0.190000 109.488860   8.196690
  0.210000 109.488860   8.022616
  0.230000 109.488860   7.864917
  0.250000 109.488860   7.723641
  0.270000 109.488860   7.593210
  0.290000 109.488860   7.471699
  0.310000 109.488860   7.358087
  0.330000 109.488860   7.251510
  0.350000 109.488860   7.151204
  0.370000 109.488860   7.056492
  0.390000 109.488860   6.966823
  0.410000 109.488860   6.881780
  0.430000 109.488860   6.800845
  0.450000 109.488860   6.723727
  0.470000 109.488860   6.650348
  0.490000 109.488860   6.580381
  0.510000 109.488860   6.513198
  0.530000 109.488860   6.448629
  0.550000 109.488860   6.386508
  0.570000 109.488860   6.326653
  0.590000 109.488860   6.268912
  0.610000 109.488860   6.213185
  0.630000 109.488860   6.159296
  0.650000 109.488860   6.107176
  0.670000 109.488860   6.056695
  0.690000 109.488860   6.007810
  0.710000 109.488860   5.960536
  0.730000 109.488860   5.914614
  0.750000 109.488860   5.869984
  0.150000 112.262600   8.656873
  0.170000 112.262600   8.437065
  0.190000 112.262600   8.242597
  0.210000 112.262600   8.068266
  0.230000 112.262600   7.910330
  0.250000 112.262600   7.768861
  0.270000 112.262600   7.638252
  0.290000 112.262600   7.516595
  0.310000 112.262600   7.402828
  0.330000 112.262600   7.296072
  0.350000 112.262600   7.195642
  0.370000 112.262600   7.100768
  0.390000 112.262600   7.010983
  0.410000 112.262600   6.925767
  0.430000 112.262600   6.844711
  0.450000 112.262600   6.767444
  0.470000 112.262600   6.693960
  0.490000 112.262600   6.623867
  0.510000 112.262600   6.556584
  0.530000 112.262600   6.491924
  0.550000 112.262600   6.429691
  0.570000 112.262600   6.369729
  0.590000 112.262600   6.311900
  0.610000 112.262600   6.256052
  0.630000 112.262600   6.202070
  0.650000 112.262600   6.149852
  0.670000 112.262600   6.099275
  0.690000 112.262600   6.050296
  0.710000 112.262600   6.002934
  0.730000 112.262600   5.956924
  0.750000 112.262600   5.912197
  0.150000 115.036340   8.702323
  0.170000 115.036340   8.482165
  0.190000 115.036340   8.287416
  0.210000 115.036340   8.112808
  0.230000 115.036340   7.954616
  0.250000 115.036340   7.812984
  0.270000 115.036340   7.682231
  0.290000 115.036340   7.560401
  0.310000 115.036340   7.446477
  0.330000 115.036340   7.339599
  0.350000 115.036340   7.238984
  0.370000 115.036340   7.143966
  0.390000 115.036340   7.054073
  0.410000 115.036340   6.968715
  0.430000 115.036340   6.887549
  0.450000 115.036340   6.810140
  0.470000 115.036340   6.736555
  0.490000 115.036340   6.666356
  0.510000 115.036340   6.598969
  0.530000 115.036340   6.534194
  0.550000 115.036340   6.471863
  0.570000 115.036340   6.411799
  0.590000 115.036340   6.353872
  0.610000 115.036340   6.297922
  0.630000 115.036340   6.243858
  0.650000 115.036340   6.191535
  0.670000 115.036340   6.140871
  0.690000 115.036340   6.091803
  0.710000 115.036340   6.044349
  0.730000 115.036340   5.998252
  0.750000 115.036340   5.953463
  0.150000 117.810080   8.746713
  0.170000 117.810080   8.526218
  0.190000 117.810080   8.331161
  0.210000 117.810080   8.156303
  0.230000 117.810080   7.997899
  0.250000 117.810080   7.856099
  0.270000 117.810080   7.725170
  0.290000 117.810080   7.603179
  0.310000 117.810080   7.489119
  0.330000 117.810080   7.382107
  0.350000 117.810080   7.281333
  0.370000 117.810080   7.186207
  0.390000 117.810080   7.096152
  0.410000 117.810080   7.010678
  0.430000 117.810080   6.929370
  0.450000 117.810080   6.851870
  0.470000 117.810080   6.778155
  0.490000 117.810080   6.707855
  0.510000 117.810080   6.640371
  0.530000 117.810080   6.575503
  0.550000 117.810080   6.513060
  0.570000 117.810080   6.452924
  0.590000 117.810080   6.394881
  0.610000 117.810080   6.338856
  0.630000 117.810080   6.284688
  0.650000 117.810080   6.232282
  0.670000 117.810080   6.181533
  0.690000 117.810080   6.132360
  0.710000 117.810080   6.084830
  0.730000 117.810080   6.038671
  0.750000 117.810080   5.993776
  0.150000 120.583820   8.790050
  0.170000 120.583820   8.569232
  0.190000 120.583820   8.373893
  0.210000 120.583820   8.198793
  0.230000 120.583820   8.040144
  0.250000 120.583820   7.898188
  0.270000 120.583820   7.767125
  0.290000 120.583820   7.644988
  0.310000 120.583820   7.530779
  0.330000 120.583820   7.423624
  0.350000 120.583820   7.322707
  0.370000 120.583820   7.227480
  0.390000 120.583820   7.137277
  0.410000 120.583820   7.051702
  0.430000 120.583820   6.970256
  0.450000 120.583820   6.892642
  0.470000 120.583820   6.818828
  0.490000 120.583820   6.748441
  0.510000 120.583820   6.680851
  0.530000 120.583820   6.615889
  0.550000 120.583820   6.553369
  0.570000 120.583820   6.493114
  0.590000 120.583820   6.434997
  0.610000 120.583820   6.378866
  0.630000 120.583820   6.324617
  0.650000 120.583820   6.272127
  0.670000 120.583820   6.221274
  0.690000 120.583820   6.172040
  0.710000 120.583820   6.124436
  0.730000 120.583820   6.078178
  0.750000 120.583820   6.033221
  0.150000 123.357560   8.832373
  0.170000 123.357560   8.611263
  0.190000 123.357560   8.415640
  0.210000 123.357560   8.240307
  0.230000 123.357560   8.081448
  0.250000 123.357560   7.939339
  0.270000 123.357560   7.808129
  0.290000 123.357560   7.685850
  0.310000 123.357560   7.571519
  0.330000 123.357560   7.464206
  0.350000 123.357560   7.363180
  0.370000 123.357560   7.267816
  0.390000 123.357560   7.177501
  0.410000 123.357560   7.091791
  0.430000 123.357560   7.010262
  0.450000 123.357560   6.932517
  0.470000 123.357560   6.858605
  0.490000 123.357560   6.788121
  0.510000 123.357560   6.720443
  0.530000 123.357560   6.655385
  0.550000 123.357560   6.592779
  0.570000 123.357560   6.532434
  0.590000 123.357560   6.474235
  0.610000 123.357560   6.418017
  0.630000 123.357560   6.363682
  0.650000 123.357560   6.311099
  0.670000 123.357560   6.260183
  0.690000 123.357560   6.210862
  0.710000 123.357560   6.163173
  0.730000 123.357560   6.116845
  0.750000 123.357560   6.071810
  0.150000 126.131300   8.873747
  0.170000 126.131300   8.652341
  0.190000 126.131300   8.456482
  0.210000 126.131300   8.280894
  0.230000 126.131300   8.121850
  0.250000 126.131300   7.979592
  0.270000 126.131300   7.848226
  0.290000 126.131300   7.725827
  0.310000 126.131300   7.611375
  0.330000 126.131300   7.503918
  0.350000 126.131300   7.402784
  0.370000 126.131300   7.307265
  0.390000 126.131300   7.216865
  0.410000 126.131300   7.131024
  0.430000 126.131300   7.049383
  0.450000 126.131300   6.971537
  0.470000 126.131300   6.897540
  0.490000 126.131300   6.826957
  0.510000 126.131300   6.759187
  0.530000 126.131300   6.694056
  0.550000 126.131300   6.631339
  0.570000 126.131300   6.570926
  0.590000 126.131300   6.512633
  0.610000 126.131300   6.456337
  0.630000 126.131300   6.401920
  0.650000 126.131300   6.349261
  0.670000 126.131300   6.298255
  0.690000 126.131300   6.248862
  0.710000 126.131300   6.201096
  0.730000 126.131300   6.154700
  0.750000 126.131300   6.109599
  0.150000 128.905040   8.914245
  0.170000 128.905040   8.692538
  0.190000 128.905040   8.496409
  0.210000 128.905040   8.320634
  0.230000 128.905040   8.161374
  0.250000 128.905040   8.018967
  0.270000 128.905040   7.887482
  0.290000 128.905040   7.764943
  0.310000 128.905040   7.650348
  0.330000 128.905040   7.542759
  0.350000 128.905040   7.441526
  0.370000 128.905040   7.345895
  0.390000 128.905040   7.255368
  0.410000 128.905040   7.169436
  0.430000 128.905040   7.087678
  0.450000 128.905040   7.009734
  0.470000 128.905040   6.935640
  0.490000 128.905040   6.864971
  0.510000 128.905040   6.797124
  0.530000 128.905040   6.731899
  0.550000 128.905040   6.669110
  0.570000 128.905040   6.608601
  0.590000 128.905040   6.550234
  0.610000 128.905040   6.493865
  0.630000 128.905040   6.439352
  0.650000 128.905040   6.386616
  0.670000 128.905040   6.335555
  0.690000 128.905040   6.286066
  0.710000 128.905040   6.238246
  0.730000 128.905040   6.191783
  0.750000 128.905040   6.146603
  0.150000 131.678780   8.953847
  0.170000 131.678780   8.731871
  0.190000 131.678780   8.535516
  0.210000 131.678780   8.359498
  0.230000 131.678780   8.200045
  0.250000 131.678780   8.057525
  0.270000 131.678780   7.925893
  0.290000 131.678780   7.803246
  0.310000 131.678780   7.688507
  0.330000 131.678780   7.580834
  0.350000 131.678780   7.479455
  0.370000 131.678780   7.383732
  0.390000 131.678780   7.293085
  0.410000 131.678780   7.207053
  0.430000 131.678780   7.125189
  0.450000 131.678780   7.047155
  0.470000 131.678780   6.972962
  0.490000 131.678780   6.902201
  0.510000 131.678780   6.834287
  0.530000 131.678780   6.768961
  0.550000 131.678780   6.706108
  0.570000 131.678780   6.645516
  0.590000 131.678780   6.587069
  0.610000 131.678780   6.530611
  0.630000 131.678780   6.476043
  0.650000 131.678780   6.423234
  0.670000 131.678780   6.372075
  0.690000 131.678780   6.322535
  0.710000 131.678780   6.274643
  0.730000 131.678780   6.228110
  0.750000 131.678780   6.182861
  0.150000 134.452520   8.992643
  0.170000 134.452520   8.770387
  0.190000 134.452520   8.573797
  0.210000 134.452520   8.397568
  0.230000 134.452520   8.237927
  0.250000 134.452520   8.095256
  0.270000 134.452520   7.963527
  0.290000 134.452520   7.840766
  0.310000 134.452520   7.725897
  0.330000 134.452520   7.618117
  0.350000 134.452520   7.516613
  0.370000 134.452520   7.420791
  0.390000 134.452520   7.330019
  0.410000 134.452520   7.243888
  0.430000 134.452520   7.161935
  0.450000 134.452520   7.083804
  0.470000 134.452520   7.009524
  0.490000 134.452520   6.938698
  0.510000 134.452520   6.870687
  0.530000 134.452520   6.805300
  0.550000 134.452520   6.742352
  0.570000 134.452520   6.681695
  0.590000 134.452520   6.623170
  0.610000 134.452520   6.566644
  0.630000 134.452520   6.511993
  0.650000 134.452520   6.459108
  0.670000 134.452520   6.407881
  0.690000 134.452520   6.358266
  0.710000 134.452520   6.310316
  0.730000 134.452520   6.263714
  0.750000 134.452520   6.218412
  0.150000 137.226260   9.030646
  0.170000 137.226260   8.808097
  0.190000 137.226260   8.611267
  0.210000 137.226260   8.434851
  0.230000 137.226260   8.275049
  0.250000 137.226260   8.132242
  0.270000 137.226260   8.000377
  0.290000 137.226260   7.877510
  0.310000 137.226260   7.762511
  0.330000 137.226260   7.654639
  0.350000 137.226260   7.553033
  0.370000 137.226260   7.457090
  0.390000 137.226260   7.366260
  0.410000 137.226260   7.280015
  0.430000 137.226260   7.197965
  0.450000 137.226260   7.119732
  0.470000 137.226260   7.045360
  0.490000 137.226260   6.974471
  0.510000 137.226260   6.906367
  0.530000 137.226260   6.840915
  0.550000 137.226260   6.777891
  0.570000 137.226260   6.717163
  0.590000 137.226260   6.658550
  0.610000 137.226260   6.601954
  0.630000 137.226260   6.547251
  0.650000 137.226260   6.494282
  0.670000 137.226260   6.442991
  0.690000 137.226260   6.393313
  0.710000 137.226260   6.345290
  0.730000 137.226260   6.298632
  0.750000 137.226260   6.253273
  0.150000 140.000000   9.067864
  0.170000 140.000000   8.845082
  0.190000 140.000000   8.648021
  0.210000 140.000000   8.471417
  0.230000 140.000000   8.311417
  0.250000 140.000000   8.168495
  0.270000 140.000000   8.036533
  0.290000 140.000000   7.913520
  0.310000 140.000000   7.798449
  0.330000 140.000000   7.690437
  0.350000 140.000000   7.588747
  0.370000 140.000000   7.492688
  0.390000 140.000000   7.401750
  0.410000 140.000000   7.315413
  0.430000 140.000000   7.233276
  0.450000 140.000000   7.154956
  0.470000 140.000000   7.080517
  0.490000 140.000000   7.009537
  0.510000 140.000000   6.941377
  0.530000 140.000000   6.875838
  0.550000 140.000000   6.812746
  0.570000 140.000000   6.751942
  0.590000 140.000000   6.693273
  0.610000 140.000000   6.636607
  0.630000 140.000000   6.581812
  0.650000 140.000000   6.528798
  0.670000 140.000000   6.477440
  0.690000 140.000000   6.427685
  0.710000 140.000000   6.379598
  0.730000 140.000000   6.332892
  0.750000 140.000000   6.287461
