# temp energy qhat_over_T3
  0.150000   4.242000   1.070753
  0.170000   4.242000   1.032158
  0.190000   4.242000   1.003095
  0.210000   4.242000   0.980028
  0.230000   4.242000   0.960852
  0.250000   4.242000   0.944228
  0.270000   4.242000   0.929521
  0.290000   4.242000   0.916319
  0.310000   4.242000   0.904322
  0.330000   4.242000   0.893322
  0.350000   4.242000   0.883196
  0.370000   4.242000   0.873789
  0.390000   4.242000   0.865041
  0.410000   4.242000   0.856904
  0.430000   4.242000   0.849266
  0.450000   4.242000   0.842124
  0.470000   4.242000   0.835359
  0.490000   4.242000   0.828940
  0.510000   4.242000   0.822892
  0.530000   4.242000   0.817188
  0.550000   4.242000   0.811792
  0.570000   4.242000   0.806689
  0.590000   4.242000   0.801850
  0.610000   4.242000   0.797261
  0.630000   4.242000   0.792898
  0.650000   4.242000   0.788746
  0.670000   4.242000   0.784796
  0.690000   4.242000   0.781017
  0.710000   4.242000   0.777364
  0.730000   4.242000   0.773862
  0.750000   4.242000   0.770528
  0.150000   6.957160   1.907163
  0.170000   6.957160   1.859564
  0.190000   6.957160   1.818734
  0.210000   6.957160   1.782709
  0.230000   6.957160   1.750159
  0.250000   6.957160   1.719863
  0.270000   6.957160   1.691772
  0.290000   6.957160   1.665642
  0.310000   6.957160   1.641174
  0.330000   6.957160   1.618148
  0.350000   6.957160   1.596405
  0.370000   6.957160   1.575811
  0.390000   6.957160   1.556245
  0.410000   6.957160   1.537629
  0.430000   6.957160   1.519872
  0.450000   6.957160   1.502911
  0.470000   6.957160   1.486586
  0.490000   6.957160   1.470858
  0.510000   6.957160   1.455792
  0.530000   6.957160   1.441337
  0.550000   6.957160   1.427454
  0.570000   6.957160   1.414099
  0.590000   6.957160   1.401247
  0.610000   6.957160   1.388861
  0.630000   6.957160   1.376913
  0.650000   6.957160   1.365381
  0.670000   6.957160   1.354242
  0.690000   6.957160   1.343452
  0.710000   6.957160   1.332924
  0.730000   6.957160   1.322740
  0.750000   6.957160   1.312888
  0.150000   9.672320   2.580628
  0.170000   9.672320   2.521175
  0.190000   9.672320   2.468082
  0.210000   9.672320   2.419836
  0.230000   9.672320   2.375410
  0.250000   9.672320   2.333588
  0.270000   9.672320   2.294440
  0.290000   9.672320   2.257710
  0.310000   9.672320   2.223106
  0.330000   9.672320   2.190356
  0.350000   9.672320   2.159295
  0.370000   9.672320   2.129763
  0.390000   9.672320   2.101618
  0.410000   9.672320   2.074731
  0.430000   9.672320   2.049016
  0.450000   9.672320   2.024392
  0.470000   9.672320   2.000637
  0.490000   9.672320   1.977730
  0.510000   9.672320   1.955727
  0.530000   9.672320   1.934562
  0.550000   9.672320   1.914170
  0.570000   9.672320   1.894492
  0.590000   9.672320   1.875520
  0.610000   9.672320   1.857205
  0.630000   9.672320   1.839486
  0.650000   9.672320   1.822348
  0.670000   9.672320   1.805748
  0.690000   9.672320   1.789636
  0.710000   9.672320   1.773936
  0.730000   9.672320   1.758709
  0.750000   9.672320   1.743926
  0.150000  12.387480   3.126763
  0.170000  12.387480   3.056206
  0.190000  12.387480   2.992332
  0.210000  12.387480   2.933737
  0.230000  12.387480   2.879430
  0.250000  12.387480   2.828291
  0.270000  12.387480   2.780266
  0.290000  12.387480   2.735095
  0.310000  12.387480   2.692428
  0.330000  12.387480   2.652010
  0.350000  12.387480   2.613636
  0.370000  12.387480   2.577083
  0.390000  12.387480   2.542226
  0.410000  12.387480   2.508919
  0.430000  12.387480   2.477010
  0.450000  12.387480   2.446425
  0.470000  12.387480   2.416969
  0.490000  12.387480   2.388546
  0.510000  12.387480   2.361211
  0.530000  12.387480   2.334880
  0.550000  12.387480   2.309500
  0.570000  12.387480   2.285018
  0.590000  12.387480   2.261365
  0.610000  12.387480   2.238502
  0.630000  12.387480   2.216380
  0.650000  12.387480   2.194963
  0.670000  12.387480   2.174205
  0.690000  12.387480   2.154054
  0.710000  12.387480   2.134416
  0.730000  12.387480   2.115352
  0.750000  12.387480   2.096834
  0.150000  15.102640   3.580882
  0.170000  15.102640   3.500530
  0.190000  15.102640   3.427375
  0.210000  15.102640   3.360017
  0.230000  15.102640   3.297481
  0.250000  15.102640   3.238699
  0.270000  15.102640   3.183465
  0.290000  15.102640   3.131427
  0.310000  15.102640   3.082253
  0.330000  15.102640   3.035676
  0.350000  15.102640   2.991392
  0.370000  15.102640   2.949228
  0.390000  15.102640   2.909016
  0.410000  15.102640   2.870560
  0.430000  15.102640   2.833735
  0.450000  15.102640   2.798430
  0.470000  15.102640   2.764424
  0.490000  15.102640   2.731646
  0.510000  15.102640   2.700105
  0.530000  15.102640   2.669716
  0.550000  15.102640   2.640413
  0.570000  15.102640   2.612121
  0.590000  15.102640   2.584789
  0.610000  15.102640   2.558356
  0.630000  15.102640   2.532776
  0.650000  15.102640   2.507989
  0.670000  15.102640   2.483969
  0.690000  15.102640   2.460648
  0.710000  15.102640   2.437919
  0.730000  15.102640   2.415856
  0.750000  15.102640   2.394405
  0.150000  17.817800   3.967207
  0.170000  17.817800   3.878265
  0.190000  17.817800   3.797056
  0.210000  17.817800   3.722235
  0.230000  17.817800   3.652754
  0.250000  17.817800   3.587567
  0.270000  17.817800   3.526332
  0.290000  17.817800   3.468630
  0.310000  17.817800   3.414083
  0.330000  17.817800   3.362406
  0.350000  17.817800   3.313294
  0.370000  17.817800   3.266511
  0.390000  17.817800   3.221895
  0.410000  17.817800   3.179250
  0.430000  17.817800   3.138421
  0.450000  17.817800   3.099257
  0.470000  17.817800   3.061571
  0.490000  17.817800   3.025248
  0.510000  17.817800   2.990289
  0.530000  17.817800   2.956614
  0.550000  17.817800   2.924130
  0.570000  17.817800   2.892764
  0.590000  17.817800   2.862459
  0.610000  17.817800   2.833139
  0.630000  17.817800   2.804757
  0.650000  17.817800   2.777264
  0.670000  17.817800   2.750600
  0.690000  17.817800   2.724716
  0.710000  17.817800   2.699500
  0.730000  17.817800   2.675008
  0.750000  17.817800   2.651209
  0.150000  20.532960   4.301997
  0.170000  20.532960   4.205437
  0.190000  20.532960   4.117277
  0.210000  20.532960   4.035994
  0.230000  20.532960   3.960530
  0.250000  20.532960   3.889965
  0.270000  20.532960   3.823641
  0.290000  20.532960   3.761165
  0.310000  20.532960   3.702104
  0.330000  20.532960   3.646121
  0.350000  20.532960   3.592956
  0.370000  20.532960   3.542338
  0.390000  20.532960   3.494043
  0.410000  20.532960   3.447886
  0.430000  20.532960   3.403699
  0.450000  20.532960   3.361328
  0.470000  20.532960   3.320578
  0.490000  20.532960   3.281327
  0.510000  20.532960   3.243553
  0.530000  20.532960   3.207143
  0.550000  20.532960   3.172021
  0.570000  20.532960   3.138120
  0.590000  20.532960   3.105338
  0.610000  20.532960   3.073639
  0.630000  20.532960   3.042938
  0.650000  20.532960   3.013206
  0.670000  20.532960   2.984356
  0.690000  20.532960   2.956357
  0.710000  20.532960   2.929089
  0.730000  20.532960   2.902599
  0.750000  20.532960   2.876845
  0.150000  23.248120   4.596555
  0.170000  23.248120   4.493286
  0.190000  23.248120   4.398968
  0.210000  23.248120   4.312078
  0.230000  23.248120   4.231411
  0.250000  23.248120   4.156184
  0.270000  23.248120   4.085517
  0.290000  23.248120   4.018916
  0.310000  23.248120   3.955988
  0.330000  23.248120   3.896373
  0.350000  23.248120   3.839743
  0.370000  23.248120   3.785830
  0.390000  23.248120   3.734414
  0.410000  23.248120   3.685281
  0.430000  23.248120   3.638257
  0.450000  23.248120   3.593176
  0.470000  23.248120   3.549832
  0.490000  23.248120   3.508099
  0.510000  23.248120   3.467939
  0.530000  23.248120   3.429234
  0.550000  23.248120   3.391887
  0.570000  23.248120   3.355836
  0.590000  23.248120   3.320979
  0.610000  23.248120   3.287265
  0.630000  23.248120   3.254619
  0.650000  23.248120   3.222984
  0.670000  23.248120   3.192309
  0.690000  23.248120   3.162521
  0.710000  23.248120   3.133527
  0.730000  23.248120   3.105355
  0.750000  23.248120   3.077963
  0.150000  25.963280   4.858983
  0.170000  25.963280   4.749697
  0.190000  25.963280   4.649950
  0.210000  25.963280   4.558069
  0.230000  25.963280   4.472873
  0.250000  25.963280   4.393550
  0.270000  25.963280   4.319102
  0.290000  25.963280   4.248946
  0.310000  25.963280   4.182678
  0.330000  25.963280   4.119881
  0.350000  25.963280   4.060261
  0.370000  25.963280   4.003518
  0.390000  25.963280   3.949407
  0.410000  25.963280   3.897711
  0.430000  25.963280   3.848241
  0.450000  25.963280   3.800822
  0.470000  25.963280   3.755247
  0.490000  25.963280   3.711399
  0.510000  25.963280   3.669190
  0.530000  25.963280   3.628509
  0.550000  25.963280   3.589267
  0.570000  25.963280   3.551368
  0.590000  25.963280   3.514740
  0.610000  25.963280   3.479304
  0.630000  25.963280   3.444985
  0.650000  25.963280   3.411732
  0.670000  25.963280   3.379483
  0.690000  25.963280   3.348173
  0.710000  25.963280   3.317702
  0.730000  25.963280   3.288092
  0.750000  25.963280   3.259299
  0.150000  28.678440   5.095199
  0.170000  28.678440   4.980511
  0.190000  28.678440   4.875879
  0.210000  28.678440   4.779595
  0.230000  28.678440   4.690329
  0.250000  28.678440   4.607439
  0.270000  28.678440   4.529665
  0.290000  28.678440   4.456394
  0.310000  28.678440   4.387170
  0.330000  28.678440   4.321612
  0.350000  28.678440   4.259376
  0.370000  28.678440   4.200158
  0.390000  28.678440   4.143697
  0.410000  28.678440   4.089771
  0.430000  28.678440   4.038163
  0.450000  28.678440   3.988692
  0.470000  28.678440   3.941200
  0.490000  28.678440   3.895501
  0.510000  28.678440   3.851516
  0.530000  28.678440   3.809124
  0.550000  28.678440   3.768233
  0.570000  28.678440   3.728737
  0.590000  28.678440   3.690564
  0.610000  28.678440   3.653632
  0.630000  28.678440   3.617868
  0.650000  28.678440   3.583212
  0.670000  28.678440   3.549598
  0.690000  28.678440   3.516964
  0.710000  28.678440   3.485218
  0.730000  28.678440   3.454363
  0.750000  28.678440   3.424357
  0.150000  31.393600   5.309702
  0.170000  31.393600   5.190102
  0.190000  31.393600   5.081100
  0.210000  31.393600   4.980820
  0.230000  31.393600   4.887964
  0.250000  31.393600   4.801885
  0.270000  31.393600   4.721139
  0.290000  31.393600   4.645101
  0.310000  31.393600   4.573278
  0.330000  31.393600   4.505282
  0.350000  31.393600   4.440736
  0.370000  31.393600   4.379328
  0.390000  31.393600   4.320789
  0.410000  31.393600   4.264884
  0.430000  31.393600   4.211408
  0.450000  31.393600   4.160148
  0.470000  31.393600   4.110947
  0.490000  31.393600   4.063633
  0.510000  31.393600   4.018089
  0.530000  31.393600   3.974197
  0.550000  31.393600   3.931853
  0.570000  31.393600   3.890962
  0.590000  31.393600   3.851434
  0.610000  31.393600   3.813190
  0.630000  31.393600   3.776158
  0.650000  31.393600   3.740271
  0.670000  31.393600   3.705464
  0.690000  31.393600   3.671672
  0.710000  31.393600   3.638802
  0.730000  31.393600   3.606860
  0.750000  31.393600   3.575797
  0.150000  34.108760   5.505916
  0.170000  34.108760   5.381875
  0.190000  34.108760   5.268869
  0.210000  34.108760   5.165022
  0.230000  34.108760   5.068908
  0.250000  34.108760   4.979954
  0.270000  34.108760   4.896580
  0.290000  34.108760   4.818057
  0.310000  34.108760   4.743926
  0.330000  34.108760   4.673733
  0.350000  34.108760   4.607131
  0.370000  34.108760   4.543785
  0.390000  34.108760   4.483405
  0.410000  34.108760   4.425741
  0.430000  34.108760   4.370590
  0.450000  34.108760   4.317738
  0.470000  34.108760   4.267029
  0.490000  34.108760   4.218281
  0.510000  34.108760   4.171360
  0.530000  34.108760   4.126137
  0.550000  34.108760   4.082512
  0.570000  34.108760   4.040377
  0.590000  34.108760   3.999652
  0.610000  34.108760   3.960249
  0.630000  34.108760   3.922092
  0.650000  34.108760   3.885115
  0.670000  34.108760   3.849252
  0.690000  34.108760   3.814436
  0.710000  34.108760   3.780582
  0.730000  34.108760   3.747682
  0.750000  34.108760   3.715670
  0.150000  36.823920   5.686556
  0.170000  36.823920   5.558433
  0.190000  36.823920   5.441801
  0.210000  36.823920   5.334706
  0.230000  36.823920   5.235632
  0.250000  36.823920   5.144109
  0.270000  36.823920   5.058344
  0.290000  36.823920   4.977597
  0.310000  36.823920   4.901377
  0.330000  36.823920   4.829229
  0.350000  36.823920   4.760770
  0.370000  36.823920   4.695677
  0.390000  36.823920   4.633646
  0.410000  36.823920   4.574413
  0.430000  36.823920   4.517772
  0.450000  36.823920   4.463495
  0.470000  36.823920   4.411434
  0.490000  36.823920   4.361407
  0.510000  36.823920   4.313251
  0.530000  36.823920   4.266838
  0.550000  36.823920   4.222066
  0.570000  36.823920   4.178829
  0.590000  36.823920   4.137035
  0.610000  36.823920   4.096595
  0.630000  36.823920   4.057432
  0.650000  36.823920   4.019490
  0.670000  36.823920   3.982687
  0.690000  36.823920   3.946949
  0.710000  36.823920   3.912222
  0.730000  36.823920   3.878456
  0.750000  36.823920   3.845619
  0.150000  39.539080   5.853811
  0.170000  39.539080   5.721905
  0.190000  39.539080   5.601960
  0.210000  39.539080   5.491890
  0.230000  39.539080   5.390126
  0.250000  39.539080   5.296255
  0.270000  39.539080   5.208335
  0.290000  39.539080   5.125582
  0.310000  39.539080   5.047470
  0.330000  39.539080   4.973541
  0.350000  39.539080   4.903420
  0.370000  39.539080   4.836752
  0.390000  39.539080   4.773219
  0.410000  39.539080   4.712575
  0.430000  39.539080   4.654578
  0.450000  39.539080   4.599018
  0.470000  39.539080   4.545747
  0.490000  39.539080   4.494568
  0.510000  39.539080   4.445300
  0.530000  39.539080   4.397823
  0.550000  39.539080   4.352023
  0.570000  39.539080   4.307792
  0.590000  39.539080   4.265028
  0.610000  39.539080   4.223662
  0.630000  39.539080   4.183613
  0.650000  39.539080   4.144785
  0.670000  39.539080   4.107131
  0.690000  39.539080   4.070584
  0.710000  39.539080   4.035058
  0.730000  39.539080   4.000526
  0.750000  39.539080   3.966935
  0.150000  42.254240   6.009383
  0.170000  42.254240   5.874036
  0.190000  42.254240   5.751027
  0.210000  42.254240   5.638201
  0.230000  42.254240   5.533986
  0.250000  42.254240   5.437992
  0.270000  42.254240   5.348102
  0.290000  42.254240   5.263507
  0.310000  42.254240   5.183668
  0.330000  42.254240   5.108137
  0.350000  42.254240   5.036497
  0.370000  42.254240   4.968387
  0.390000  42.254240   4.903507
  0.410000  42.254240   4.841574
  0.430000  42.254240   4.782349
  0.450000  42.254240   4.725626
  0.470000  42.254240   4.671250
  0.490000  42.254240   4.619033
  0.510000  42.254240   4.568761
  0.530000  42.254240   4.520317
  0.550000  42.254240   4.473580
  0.570000  42.254240   4.428452
  0.590000  42.254240   4.384836
  0.610000  42.254240   4.342623
  0.630000  42.254240   4.301749
  0.650000  42.254240   4.262146
  0.670000  42.254240   4.223720
  0.690000  42.254240   4.186431
  0.710000  42.254240   4.150193
  0.730000  42.254240   4.114973
  0.750000  42.254240   4.080703
  0.150000  44.969400   6.154746
  0.170000  44.969400   6.016199
  0.190000  44.969400   5.890354
  0.210000  44.969400   5.775022
  0.230000  44.969400   5.668538
  0.250000  44.969400   5.570569
  0.270000  44.969400   5.478880
  0.290000  44.969400   5.392599
  0.310000  44.969400   5.311201
  0.330000  44.969400   5.234191
  0.350000  44.969400   5.161167
  0.370000  44.969400   5.091743
  0.390000  44.969400   5.025626
  0.410000  44.969400   4.962518
  0.430000  44.969400   4.902183
  0.450000  44.969400   4.844394
  0.470000  44.969400   4.789022
  0.490000  44.969400   4.735852
  0.510000  44.969400   4.684669
  0.530000  44.969400   4.635351
  0.550000  44.969400   4.587773
  0.570000  44.969400   4.541818
  0.590000  44.969400   4.497402
  0.610000  44.969400   4.454438
  0.630000  44.969400   4.412819
  0.650000  44.969400   4.372494
  0.670000  44.969400   4.333378
  0.690000  44.969400   4.295417
  0.710000  44.969400   4.258531
  0.730000  44.969400   4.222676
  0.750000  44.969400   4.187792
  0.150000  47.684560   6.291104
  0.170000  47.684560   6.149565
  0.190000  47.684560   6.021094
  0.210000  47.684560   5.903424
  0.230000  47.684560   5.794847
  0.250000  47.684560   5.695076
  0.270000  47.684560   5.601728
  0.290000  47.684560   5.513908
  0.310000  47.684560   5.431063
  0.330000  47.684560   5.352701
  0.350000  47.684560   5.278387
  0.370000  47.684560   5.207773
  0.390000  47.684560   5.140520
  0.410000  47.684560   5.076336
  0.430000  47.684560   5.014976
  0.450000  47.684560   4.956214
  0.470000  47.684560   4.899922
  0.490000  47.684560   4.845887
  0.510000  47.684560   4.793870
  0.530000  47.684560   4.743748
  0.550000  47.684560   4.695399
  0.570000  47.684560   4.648700
  0.590000  47.684560   4.603563
  0.610000  47.684560   4.559897
  0.630000  47.684560   4.517605
  0.650000  47.684560   4.476629
  0.670000  47.684560   4.436875
  0.690000  47.684560   4.398295
  0.710000  47.684560   4.360820
  0.730000  47.684560   4.324393
  0.750000  47.684560   4.288950
  0.150000  50.399720   6.419436
  0.170000  50.399720   6.275099
  0.190000  50.399720   6.144194
  0.210000  50.399720   6.024364
  0.230000  50.399720   5.913833
  0.250000  50.399720   5.812410
  0.270000  50.399720   5.717521
  0.290000  50.399720   5.628279
  0.310000  50.399720   5.544089
  0.330000  50.399720   5.464475
  0.350000  50.399720   5.388997
  0.370000  50.399720   5.317277
  0.390000  50.399720   5.248971
  0.410000  50.399720   5.183800
  0.430000  50.399720   5.121500
  0.450000  50.399720   5.061851
  0.470000  50.399720   5.004717
  0.490000  50.399720   4.949884
  0.510000  50.399720   4.897100
  0.530000  50.399720   4.846236
  0.550000  50.399720   4.797175
  0.570000  50.399720   4.749791
  0.590000  50.399720   4.703989
  0.610000  50.399720   4.659690
  0.630000  50.399720   4.616778
  0.650000  50.399720   4.575195
  0.670000  50.399720   4.534859
  0.690000  50.399720   4.495719
  0.710000  50.399720   4.457705
  0.730000  50.399720   4.420745
  0.750000  50.399720   4.384787
  0.150000  53.114880   6.540604
  0.170000  53.114880   6.393648
  0.190000  53.114880   6.260460
  0.210000  53.114880   6.138615
  0.230000  53.114880   6.026269
  0.250000  53.114880   5.923290
  0.270000  53.114880   5.826992
  0.290000  53.114880   5.736419
  0.310000  53.114880   5.651005
  0.330000  53.114880   5.570238
  0.350000  53.114880   5.493673
  0.370000  53.114880   5.420922
  0.390000  53.114880   5.351656
  0.410000  53.114880   5.285572
  0.430000  53.114880   5.222400
  0.450000  53.114880   5.161914
  0.470000  53.114880   5.104011
  0.490000  53.114880   5.048444
  0.510000  53.114880   4.994956
  0.530000  53.114880   4.943414
  0.550000  53.114880   4.893697
  0.570000  53.114880   4.845681
  0.590000  53.114880   4.799275
  0.610000  53.114880   4.754374
  0.630000  53.114880   4.710896
  0.650000  53.114880   4.668761
  0.670000  53.114880   4.627893
  0.690000  53.114880   4.588229
  0.710000  53.114880   4.549716
  0.730000  53.114880   4.512274
  0.750000  53.114880   4.475849
  0.150000  55.830040   6.655307
  0.170000  55.830040   6.505915
  0.190000  55.830040   6.370590
  0.210000  55.830040   6.246856
  0.230000  55.830040   6.132815
  0.250000  55.830040   6.028388
  0.270000  55.830040   5.930772
  0.290000  55.830040   5.838978
  0.310000  55.830040   5.752415
  0.330000  55.830040   5.670569
  0.350000  55.830040   5.592996
  0.370000  55.830040   5.519301
  0.390000  55.830040   5.449140
  0.410000  55.830040   5.382200
  0.430000  55.830040   5.318220
  0.450000  55.830040   5.256974
  0.470000  55.830040   5.198351
  0.490000  55.830040   5.142108
  0.510000  55.830040   5.087964
  0.530000  55.830040   5.035795
  0.550000  55.830040   4.985479
  0.570000  55.830040   4.936876
  0.590000  55.830040   4.889905
  0.610000  55.830040   4.844456
  0.630000  55.830040   4.800454
  0.650000  55.830040   4.757805
  0.670000  55.830040   4.716442
  0.690000  55.830040   4.676298
  0.710000  55.830040   4.637327
  0.730000  55.830040   4.599432
  0.750000  55.830040   4.562568
  0.150000  58.545200   6.764177
  0.170000  58.545200   6.612486
  0.190000  58.545200   6.475175
  0.210000  58.545200   6.349649
  0.230000  58.545200   6.234041
  0.250000  58.545200   6.128270
  0.270000  58.545200   6.029426
  0.290000  58.545200   5.936476
  0.310000  58.545200   5.848836
  0.330000  58.545200   5.765998
  0.350000  58.545200   5.687484
  0.370000  58.545200   5.612905
  0.390000  58.545200   5.541907
  0.410000  58.545200   5.474175
  0.430000  58.545200   5.409453
  0.450000  58.545200   5.347493
  0.470000  58.545200   5.288201
  0.490000  58.545200   5.231321
  0.510000  58.545200   5.176577
  0.530000  58.545200   5.123835
  0.550000  58.545200   5.072943
  0.570000  58.545200   5.023805
  0.590000  58.545200   4.976310
  0.610000  58.545200   4.930360
  0.630000  58.545200   4.885862
  0.650000  58.545200   4.842735
  0.670000  58.545200   4.800914
  0.690000  58.545200   4.760325
  0.710000  58.545200   4.720929
  0.730000  58.545200   4.682623
  0.750000  58.545200   4.645348
  0.150000  61.260360   6.867758
  0.170000  61.260360   6.713916
  0.190000  61.260360   6.574700
  0.210000  61.260360   6.447512
  0.230000  61.260360   6.330403
  0.250000  61.260360   6.223376
  0.270000  61.260360   6.123388
  0.290000  61.260360   6.029368
  0.310000  61.260360   5.940741
  0.330000  61.260360   5.856959
  0.350000  61.260360   5.777568
  0.370000  61.260360   5.702174
  0.390000  61.260360   5.630388
  0.410000  61.260360   5.561925
  0.430000  61.260360   5.496503
  0.450000  61.260360   5.433878
  0.470000  61.260360   5.373956
  0.490000  61.260360   5.316494
  0.510000  61.260360   5.261194
  0.530000  61.260360   5.207899
  0.550000  61.260360   5.156488
  0.570000  61.260360   5.106851
  0.590000  61.260360   5.058865
  0.610000  61.260360   5.012446
  0.630000  61.260360   4.967496
  0.650000  61.260360   4.923933
  0.670000  61.260360   4.881674
  0.690000  61.260360   4.840673
  0.710000  61.260360   4.800881
  0.730000  61.260360   4.762184
  0.750000  61.260360   4.724542
  0.150000  63.975520   6.966515
  0.170000  63.975520   6.810616
  0.190000  63.975520   6.669622
  0.210000  63.975520   6.540886
  0.230000  63.975520   6.422382
  0.250000  63.975520   6.314168
  0.270000  63.975520   6.213091
  0.290000  63.975520   6.118070
  0.310000  63.975520   6.028497
  0.330000  63.975520   5.943851
  0.350000  63.975520   5.863633
  0.370000  63.975520   5.787468
  0.390000  63.975520   5.714960
  0.410000  63.975520   5.645808
  0.430000  63.975520   5.579731
  0.450000  63.975520   5.516476
  0.470000  63.975520   5.455974
  0.490000  63.975520   5.397974
  0.510000  63.975520   5.342143
  0.530000  63.975520   5.288340
  0.550000  63.975520   5.236449
  0.570000  63.975520   5.186336
  0.590000  63.975520   5.137897
  0.610000  63.975520   5.091034
  0.630000  63.975520   5.045660
  0.650000  63.975520   5.001683
  0.670000  63.975520   4.959031
  0.690000  63.975520   4.917633
  0.710000  63.975520   4.877483
  0.730000  63.975520   4.838426
  0.750000  63.975520   4.800429
  0.150000  66.690680   7.060862
  0.170000  66.690680   6.903021
  0.190000  66.690680   6.760363
  0.210000  66.690680   6.630116
  0.230000  66.690680   6.510297
  0.250000  66.690680   6.400973
  0.270000  66.690680   6.298886
  0.290000  66.690680   6.202927
  0.310000  66.690680   6.112479
  0.330000  66.690680   6.027004
  0.350000  66.690680   5.946020
  0.370000  66.690680   5.869123
  0.390000  66.690680   5.795936
  0.410000  66.690680   5.726137
  0.430000  66.690680   5.659440
  0.450000  66.690680   5.595608
  0.470000  66.690680   5.534570
  0.490000  66.690680   5.476054
  0.510000  66.690680   5.419727
  0.530000  66.690680   5.365460
  0.550000  66.690680   5.313106
  0.570000  66.690680   5.262548
  0.590000  66.690680   5.213690
  0.610000  66.690680   5.166418
  0.630000  66.690680   5.120646
  0.650000  66.690680   5.076287
  0.670000  66.690680   5.033253
  0.690000  66.690680   4.991506
  0.710000  66.690680   4.951000
  0.730000  66.690680   4.911608
  0.750000  66.690680   4.873287
  0.150000  69.405840   7.151170
  0.170000  69.405840   6.991490
  0.190000  69.405840   6.847211
  0.210000  69.405840   6.715591
  0.230000  69.405840   6.594520
  0.250000  69.405840   6.484150
  0.270000  69.405840   6.381101
  0.290000  69.405840   6.284247
  0.310000  69.405840   6.192970
  0.330000  69.405840   6.106724
  0.350000  69.405840   6.025011
  0.370000  69.405840   5.947436
  0.390000  69.405840   5.873601
  0.410000  69.405840   5.803195
  0.430000  69.405840   5.735928
  0.450000  69.405840   5.671556
  0.470000  69.405840   5.610002
  0.490000  69.405840   5.551003
  0.510000  69.405840   5.494224
  0.530000  69.405840   5.439505
  0.550000  69.405840   5.386720
  0.570000  69.405840   5.335762
  0.590000  69.405840   5.286499
  0.610000  69.405840   5.238845
  0.630000  69.405840   5.192694
  0.650000  69.405840   5.147975
  0.670000  69.405840   5.104594
  0.690000  69.405840   5.062503
  0.710000  69.405840   5.021676
  0.730000  69.405840   4.981969
  0.750000  69.405840   4.943336
  0.150000  72.121000   7.237712
  0.170000  72.121000   7.076290
  0.190000  72.121000   6.930516
  0.210000  72.121000   6.797550
  0.230000  72.121000   6.675311
  0.250000  72.121000   6.563948
  0.270000  72.121000   6.459998
  0.290000  72.121000   6.362316
  0.310000  72.121000   6.270248
  0.330000  72.121000   6.183282
  0.350000  72.121000   6.100885
  0.370000  72.121000   6.022659
  0.390000  72.121000   5.948223
  0.410000  72.121000   5.877247
  0.430000  72.121000   5.809446
  0.450000  72.121000   5.744549
  0.470000  72.121000   5.682512
  0.490000  72.121000   5.623071
  0.510000  72.121000   5.565851
  0.530000  72.121000   5.510714
  0.550000  72.121000   5.457540
  0.570000  72.121000   5.406182
  0.590000  72.121000   5.356551
  0.610000  72.121000   5.308523
  0.630000  72.121000   5.262034
  0.650000  72.121000   5.216968
  0.670000  72.121000   5.173259
  0.690000  72.121000   5.130853
  0.710000  72.121000   5.089717
  0.730000  72.121000   5.049721
  0.750000  72.121000   5.010796
  0.150000  74.836160   7.320825
  0.170000  74.836160   7.157747
  0.190000  74.836160   7.010521
  0.210000  74.836160   6.876311
  0.230000  74.836160   6.752943
  0.250000  74.836160   6.640646
  0.270000  74.836160   6.535840
  0.290000  74.836160   6.437362
  0.310000  74.836160   6.344562
  0.330000  74.836160   6.256903
  0.350000  74.836160   6.173874
  0.370000  74.836160   6.095036
  0.390000  74.836160   6.020029
  0.410000  74.836160   5.948514
  0.430000  74.836160   5.880190
  0.450000  74.836160   5.814810
  0.470000  74.836160   5.752329
  0.490000  74.836160   5.692456
  0.510000  74.836160   5.634825
  0.530000  74.836160   5.579307
  0.550000  74.836160   5.525742
  0.570000  74.836160   5.474026
  0.590000  74.836160   5.424029
  0.610000  74.836160   5.375677
  0.630000  74.836160   5.328851
  0.650000  74.836160   5.283463
  0.670000  74.836160   5.239451
  0.690000  74.836160   5.196737
  0.710000  74.836160   5.155321
  0.730000  74.836160   5.115041
  0.750000  74.836160   5.075848
  0.150000  77.551320   7.400745
  0.170000  77.551320   7.236063
  0.190000  77.551320   7.087491
  0.210000  77.551320   6.952063
  0.230000  77.551320   6.827638
  0.250000  77.551320   6.714455
  0.270000  77.551320   6.608849
  0.290000  77.551320   6.509615
  0.310000  77.551320   6.416117
  0.330000  77.551320   6.327802
  0.350000  77.551320   6.244156
  0.370000  77.551320   6.164750
  0.390000  77.551320   6.089200
  0.410000  77.551320   6.017176
  0.430000  77.551320   5.948375
  0.450000  77.551320   5.882542
  0.470000  77.551320   5.819626
  0.490000  77.551320   5.759349
  0.510000  77.551320   5.701345
  0.530000  77.551320   5.645446
  0.550000  77.551320   5.591530
  0.570000  77.551320   5.539458
  0.590000  77.551320   5.489146
  0.610000  77.551320   5.440464
  0.630000  77.551320   5.393320
  0.650000  77.551320   5.347638
  0.670000  77.551320   5.303324
  0.690000  77.551320   5.260330
  0.710000  77.551320   5.218649
  0.730000  77.551320   5.178104
  0.750000  77.551320   5.138655
  0.150000  80.266480   7.477670
  0.170000  80.266480   7.311497
  0.190000  80.266480   7.161604
  0.210000  80.266480   7.025053
  0.230000  80.266480   6.899614
  0.250000  80.266480   6.785584
  0.270000  80.266480   6.679209
  0.290000  80.266480   6.579264
  0.310000  80.266480   6.485119
  0.330000  80.266480   6.396175
  0.350000  80.266480   6.311949
  0.370000  80.266480   6.231998
  0.390000  80.266480   6.155944
  0.410000  80.266480   6.083437
  0.430000  80.266480   6.014175
  0.450000  80.266480   5.947901
  0.470000  80.266480   5.884586
  0.490000  80.266480   5.823933
  0.510000  80.266480   5.765560
  0.530000  80.266480   5.709316
  0.550000  80.266480   5.655050
  0.570000  80.266480   5.602670
  0.590000  80.266480   5.552035
  0.610000  80.266480   5.503045
  0.630000  80.266480   5.455610
  0.650000  80.266480   5.409640
  0.670000  80.266480   5.365051
  0.690000  80.266480   5.321796
  0.710000  80.266480   5.279849
  0.730000  80.266480   5.239059
  0.750000  80.266480   5.199363
  0.150000  82.981640   7.551862
  0.170000  82.981640   7.384215
  0.190000  82.981640   7.233109
  0.210000  82.981640   7.095460
  0.230000  82.981640   6.969053
  0.250000  82.981640   6.854223
  0.270000  82.981640   6.747106
  0.290000  82.981640   6.646489
  0.310000  82.981640   6.551715
  0.330000  82.981640   6.462193
  0.350000  82.981640   6.377423
  0.370000  82.981640   6.296958
  0.390000  82.981640   6.220407
  0.410000  82.981640   6.147435
  0.430000  82.981640   6.077746
  0.450000  82.981640   6.011065
  0.470000  82.981640   5.947358
  0.490000  82.981640   5.886352
  0.510000  82.981640   5.827636
  0.530000  82.981640   5.771049
  0.550000  82.981640   5.716480
  0.570000  82.981640   5.663784
  0.590000  82.981640   5.612847
  0.610000  82.981640   5.563570
  0.630000  82.981640   5.515858
  0.650000  82.981640   5.469615
  0.670000  82.981640   5.424770
  0.690000  82.981640   5.381253
  0.710000  82.981640   5.339070
  0.730000  82.981640   5.298043
  0.750000  82.981640   5.258125
  0.150000  85.696800   7.623450
  0.170000  85.696800   7.454450
  0.190000  85.696800   7.302115
  0.210000  85.696800   7.163433
  0.230000  85.696800   7.036108
  0.250000  85.696800   6.920515
  0.270000  85.696800   6.812715
  0.290000  85.696800   6.711466
  0.310000  85.696800   6.616076
  0.330000  85.696800   6.525993
  0.350000  85.696800   6.440698
  0.370000  85.696800   6.359749
  0.390000  85.696800   6.282741
  0.410000  85.696800   6.209341
  0.430000  85.696800   6.139231
  0.450000  85.696800   6.072163
  0.470000  85.696800   6.008096
  0.490000  85.696800   5.946746
  0.510000  85.696800   5.887700
  0.530000  85.696800   5.830810
  0.550000  85.696800   5.775931
  0.570000  85.696800   5.722935
  0.590000  85.696800   5.671719
  0.610000  85.696800   5.622170
  0.630000  85.696800   5.574190
  0.650000  85.696800   5.527697
  0.670000  85.696800   5.482596
  0.690000  85.696800   5.438845
  0.710000  85.696800   5.396430
  0.730000  85.696800   5.355180
  0.750000  85.696800   5.315045
  0.150000  88.411960   7.692626
  0.170000  88.411960   7.522288
  0.190000  88.411960   7.368836
  0.210000  88.411960   7.229161
  0.230000  88.411960   7.100953
  0.250000  88.411960   6.984628
  0.270000  88.411960   6.876177
  0.290000  88.411960   6.774302
  0.310000  88.411960   6.678357
  0.330000  88.411960   6.587744
  0.350000  88.411960   6.501954
  0.370000  88.411960   6.420531
  0.390000  88.411960   6.343083
  0.410000  88.411960   6.269263
  0.430000  88.411960   6.198763
  0.450000  88.411960   6.131327
  0.470000  88.411960   6.066911
  0.490000  88.411960   6.005244
  0.510000  88.411960   5.945887
  0.530000  88.411960   5.888690
  0.550000  88.411960   5.833521
  0.570000  88.411960   5.780255
  0.590000  88.411960   5.728769
  0.610000  88.411960   5.678958
  0.630000  88.411960   5.630733
  0.650000  88.411960   5.583989
  0.670000  88.411960   5.538659
  0.690000  88.411960   5.494672
  0.710000  88.411960   5.452040
  0.730000  88.411960   5.410583
  0.750000  88.411960   5.370241
  0.150000  91.127120   7.759541
  0.170000  91.127120   7.587935
  0.190000  91.127120   7.433398
  0.210000  91.127120   7.292769
  0.230000  91.127120   7.163725
  0.250000  91.127120   7.046706
  0.270000  91.127120   6.937612
  0.290000  91.127120   6.835157
  0.310000  91.127120   6.738659
  0.330000  91.127120   6.647540
  0.350000  91.127120   6.561277
  0.370000  91.127120   6.479412
  0.390000  91.127120   6.401553
  0.410000  91.127120   6.327342
  0.430000  91.127120   6.256465
  0.450000  91.127120   6.188666
  0.470000  91.127120   6.123929
  0.490000  91.127120   6.061946
  0.510000  91.127120   6.002298
  0.530000  91.127120   5.944818
  0.550000  91.127120   5.889383
  0.570000  91.127120   5.835843
  0.590000  91.127120   5.784102
  0.610000  91.127120   5.734052
  0.630000  91.127120   5.685579
  0.650000  91.127120   5.638611
  0.670000  91.127120   5.593047
  0.690000  91.127120   5.548843
  0.710000  91.127120   5.506010
  0.730000  91.127120   5.464354
  0.750000  91.127120   5.423808
  0.150000  93.842280   7.824315
  0.170000  93.842280   7.651512
  0.190000  93.842280   7.495914
  0.210000  93.842280   7.354372
  0.230000  93.842280   7.224524
  0.250000  93.842280   7.106847
  0.270000  93.842280   6.997148
  0.290000  93.842280   6.894138
  0.310000  93.842280   6.797135
  0.330000  93.842280   6.705530
  0.350000  93.842280   6.618814
  0.370000  93.842280   6.536523
  0.390000  93.842280   6.458259
  0.410000  93.842280   6.383672
  0.430000  93.842280   6.312443
  0.450000  93.842280   6.244304
  0.470000  93.842280   6.179244
  0.490000  93.842280   6.116982
  0.510000  93.842280   6.057048
  0.530000  93.842280   5.999300
  0.550000  93.842280   5.943596
  0.570000  93.842280   5.889807
  0.590000  93.842280   5.837829
  0.610000  93.842280   5.787534
  0.630000  93.842280   5.738841
  0.650000  93.842280   5.691644
  0.670000  93.842280   5.645866
  0.690000  93.842280   5.601461
  0.710000  93.842280   5.558433
  0.730000  93.842280   5.516578
  0.750000  93.842280   5.475849
  0.150000  96.557440   7.887132
  0.170000  96.557440   7.713112
  0.190000  96.557440   7.556528
  0.210000  96.557440   7.414112
  0.230000  96.557440   7.283481
  0.250000  96.557440   7.165169
  0.270000  96.557440   7.054919
  0.290000  96.557440   6.951357
  0.310000  96.557440   6.853851
  0.330000  96.557440   6.761788
  0.350000  96.557440   6.674639
  0.370000  96.557440   6.591950
  0.390000  96.557440   6.513309
  0.410000  96.557440   6.438359
  0.430000  96.557440   6.366790
  0.450000  96.557440   6.298333
  0.470000  96.557440   6.232982
  0.490000  96.557440   6.170432
  0.510000  96.557440   6.110228
  0.530000  96.557440   6.052218
  0.550000  96.557440   5.996269
  0.570000  96.557440   5.942246
  0.590000  96.557440   5.890024
  0.610000  96.557440   5.839509
  0.630000  96.557440   5.790594
  0.650000  96.557440   5.743186
  0.670000  96.557440   5.697209
  0.690000  96.557440   5.652607
  0.710000  96.557440   5.609385
  0.730000  96.557440   5.567352
  0.750000  96.557440   5.526444
  0.150000  99.272600   7.948014
  0.170000  99.272600   7.772901
  0.190000  99.272600   7.615350
  0.210000  99.272600   7.472094
  0.230000  99.272600   7.340725
  0.250000  99.272600   7.221807
  0.270000  99.272600   7.110977
  0.290000  99.272600   7.006923
  0.310000  99.272600   6.908948
  0.330000  99.272600   6.816441
  0.350000  99.272600   6.728877
  0.370000  99.272600   6.645793
  0.390000  99.272600   6.566788
  0.410000  99.272600   6.491492
  0.430000  99.272600   6.419602
  0.450000  99.272600   6.350828
  0.470000  99.272600   6.285194
  0.490000  99.272600   6.222377
  0.510000  99.272600   6.161920
  0.530000  99.272600   6.103670
  0.550000  99.272600   6.047478
  0.570000  99.272600   5.993223
  0.590000  99.272600   5.940782
  0.610000  99.272600   5.890051
  0.630000  99.272600   5.840929
  0.650000  99.272600   5.793324
  0.670000  99.272600   5.747153
  0.690000  99.272600   5.702355
  0.710000  99.272600   5.658958
  0.730000  99.272600   5.616750
  0.750000  99.272600   5.575671
  0.150000 101.987760   8.007133
  0.170000 101.987760   7.830946
  0.190000 101.987760   7.672455
  0.210000 101.987760   7.528388
  0.230000 101.987760   7.396317
  0.250000 101.987760   7.276805
  0.270000 101.987760   7.165469
  0.290000 101.987760   7.060914
  0.310000 101.987760   6.962479
  0.330000 101.987760   6.869548
  0.350000 101.987760   6.781595
  0.370000 101.987760   6.698144
  0.390000 101.987760   6.618792
  0.410000 101.987760   6.543162
  0.430000 101.987760   6.470959
  0.450000 101.987760   6.401898
  0.470000 101.987760   6.335986
  0.490000 101.987760   6.272919
  0.510000 101.987760   6.212211
  0.530000 101.987760   6.153721
  0.550000 101.987760   6.097308
  0.570000 101.987760   6.042832
  0.590000 101.987760   5.990175
  0.610000 101.987760   5.939246
  0.630000 101.987760   5.889925
  0.650000 101.987760   5.842128
  0.670000 101.987760   5.795762
  0.690000 101.987760   5.750788
  0.710000 101.987760   5.707220
  0.730000 101.987760   5.664845
  0.750000 101.987760   5.623600
  0.150000 104.702920   8.064592
  0.170000 104.702920   7.887334
  0.190000 104.702920   7.727951
  0.210000 104.702920   7.583119
  0.230000 104.702920   7.450350
  0.250000 104.702920   7.330301
  0.270000 104.702920   7.218435
  0.290000 104.702920   7.113420
  0.310000 104.702920   7.014551
  0.330000 104.702920   6.921217
  0.350000 104.702920   6.832881
  0.370000 104.702920   6.749075
  0.390000 104.702920   6.669382
  0.410000 104.702920   6.593446
  0.430000 104.702920   6.520948
  0.450000 104.702920   6.451601
  0.470000 104.702920   6.385427
  0.490000 104.702920   6.322111
  0.510000 104.702920   6.261171
  0.530000 104.702920   6.202462
  0.550000 104.702920   6.145826
  0.570000 104.702920   6.091139
  0.590000 104.702920   6.038285
  0.610000 104.702920   5.987154
  0.630000 104.702920   5.937643
  0.650000 104.702920   5.889655
  0.670000 104.702920   5.843116
  0.690000 104.702920   5.797969
  0.710000 104.702920   5.754237
  0.730000 104.702920   5.711700
  0.750000 104.702920   5.670299
  0.150000 107.418080   8.120442
  0.170000 107.418080   7.942174
  0.190000 107.418080   7.781935
  0.210000 107.418080   7.636356
  0.230000 107.418080   7.502934
  0.250000 107.418080   7.382321
  0.270000 107.418080   7.269998
  0.290000 107.418080   7.164524
  0.310000 107.418080   7.065235
  0.330000 107.418080   6.971511
  0.350000 107.418080   6.882816
  0.370000 107.418080   6.798668
  0.390000 107.418080   6.718650
  0.410000 107.418080   6.642405
  0.430000 107.418080   6.569626
  0.450000 107.418080   6.500002
  0.470000 107.418080   6.433583
  0.490000 107.418080   6.370038
  0.510000 107.418080   6.308876
  0.530000 107.418080   6.249941
  0.550000 107.418080   6.193101
  0.570000 107.418080   6.138214
  0.590000 107.418080   6.085161
  0.610000 107.418080   6.033841
  0.630000 107.418080   5.984145
  0.650000 107.418080   5.935988
  0.670000 107.418080   5.889274
  0.690000 107.418080   5.843959
  0.710000 107.418080   5.800071
  0.730000 107.418080   5.757381
  0.750000 107.418080   5.715834
  0.150000 110.133240   8.174774
  0.170000 110.133240   7.995547
  0.190000 110.133240   7.834484
  0.210000 110.133240   7.688163
  0.230000 110.133240   7.554106
  0.250000 110.133240   7.432998
  0.270000 110.133240   7.320182
  0.290000 110.133240   7.214285
  0.310000 110.133240   7.114595
  0.330000 110.133240   7.020500
  0.350000 110.133240   6.931457
  0.370000 110.133240   6.846975
  0.390000 110.133240   6.766656
  0.410000 110.133240   6.690131
  0.430000 110.133240   6.617068
  0.450000 110.133240   6.547187
  0.470000 110.133240   6.480521
  0.490000 110.133240   6.416749
  0.510000 110.133240   6.355375
  0.530000 110.133240   6.296234
  0.550000 110.133240   6.239189
  0.570000 110.133240   6.184110
  0.590000 110.133240   6.130874
  0.610000 110.133240   6.079373
  0.630000 110.133240   6.029504
  0.650000 110.133240   5.981171
  0.670000 110.133240   5.934292
  0.690000 110.133240   5.888821
  0.710000 110.133240   5.844784
  0.730000 110.133240   5.801949
  0.750000 110.133240   5.760258
  0.150000 112.848400   8.227689
  0.170000 112.848400   8.047523
  0.190000 112.848400   7.885640
  0.210000 112.848400   7.738649
  0.230000 112.848400   7.603978
  0.250000 112.848400   7.482350
  0.270000 112.848400   7.369101
  0.290000 112.848400   7.262791
  0.310000 112.848400   7.162713
  0.330000 112.848400   7.068253
  0.350000 112.848400   6.978868
  0.370000 112.848400   6.894075
  0.390000 112.848400   6.813456
  0.410000 112.848400   6.736655
  0.430000 112.848400   6.663324
  0.450000 112.848400   6.593195
  0.470000 112.848400   6.526306
  0.490000 112.848400   6.462321
  0.510000 112.848400   6.400735
  0.530000 112.848400   6.341394
  0.550000 112.848400   6.284163
  0.570000 112.848400   6.228897
  0.590000 112.848400   6.175484
  0.610000 112.848400   6.123805
  0.630000 112.848400   6.073763
  0.650000 112.848400   6.025270
  0.670000 112.848400   5.978237
  0.690000 112.848400   5.932611
  0.710000 112.848400   5.888429
  0.730000 112.848400   5.845451
  0.750000 112.848400   5.803626
  0.150000 115.563560   8.279238
  0.170000 115.563560   8.098152
  0.190000 115.563560   7.935510
  0.210000 115.563560   7.787821
  0.230000 115.563560   7.652572
  0.250000 115.563560   7.530482
  0.270000 115.563560   7.416792
  0.290000 115.563560   7.310075
  0.310000 115.563560   7.209630
  0.330000 115.563560   7.114822
  0.350000 115.563560   7.025119
  0.370000 115.563560   6.940025
  0.390000 115.563560   6.859129
  0.410000 115.563560   6.782051
  0.430000 115.563560   6.708469
  0.450000 115.563560   6.638096
  0.470000 115.563560   6.570982
  0.490000 115.563560   6.506790
  0.510000 115.563560   6.445008
  0.530000 115.563560   6.385480
  0.550000 115.563560   6.328057
  0.570000 115.563560   6.272617
  0.590000 115.563560   6.219028
  0.610000 115.563560   6.167187
  0.630000 115.563560   6.116988
  0.650000 115.563560   6.068336
  0.670000 115.563560   6.021148
  0.690000 115.563560   5.975376
  0.710000 115.563560   5.931052
  0.730000 115.563560   5.887943
  0.750000 115.563560   5.845985
  0.150000 118.278720   8.329478
  0.170000 118.278720   8.147525
  0.190000 118.278720   7.984131
  0.210000 118.278720   7.835814
  0.230000 118.278720   7.699978
  0.250000 118.278720   7.577421
  0.270000 118.278720   7.463316
  0.290000 118.278720   7.356218
  0.310000 118.278720   7.255413
  0.330000 118.278720   7.160274
  0.350000 118.278720   7.070260
  0.370000 118.278720   6.984874
  0.390000 118.278720   6.903702
  0.410000 118.278720   6.826362
  0.430000 118.278720   6.752538
  0.450000 118.278720   6.681938
  0.470000 118.278720   6.614613
  0.490000 118.278720   6.550221
  0.510000 118.278720   6.488240
  0.530000 118.278720   6.428530
  0.550000 118.278720   6.370931
  0.570000 118.278720   6.315317
  0.590000 118.278720   6.261567
  0.610000 118.278720   6.209565
  0.630000 118.278720   6.159213
  0.650000 118.278720   6.110410
  0.670000 118.278720   6.063076
  0.690000 118.278720   6.017162
  0.710000 118.278720   5.972705
  0.730000 118.278720   5.929465
  0.750000 118.278720   5.887375
  0.150000 120.993880   8.378491
  0.170000 120.993880   8.195693
  0.190000 120.993880   8.031573
  0.210000 120.993880   7.882615
  0.230000 120.993880   7.746242
  0.250000 120.993880   7.623237
  0.270000 120.993880   7.508742
  0.290000 120.993880   7.401270
  0.310000 120.993880   7.300124
  0.330000 120.993880   7.204666
  0.350000 120.993880   7.114342
  0.370000 120.993880   7.028674
  0.390000 120.993880   6.947243
  0.410000 120.993880   6.869654
  0.430000 120.993880   6.795592
  0.450000 120.993880   6.724766
  0.470000 120.993880   6.657232
  0.490000 120.993880   6.592658
  0.510000 120.993880   6.530495
  0.530000 120.993880   6.470607
  0.550000 120.993880   6.412840
  0.570000 120.993880   6.357056
  0.590000 120.993880   6.303139
  0.610000 120.993880   6.250981
  0.630000 120.993880   6.200480
  0.650000 120.993880   6.151533
  0.670000 120.993880   6.104062
  0.690000 120.993880   6.058012
  0.710000 120.993880   6.013427
  0.730000 120.993880   5.970061
  0.750000 120.993880   5.927851
  0.150000 123.709040   8.426339
  0.170000 123.709040   8.242719
  0.190000 123.709040   8.077895
  0.210000 123.709040   7.928337
  0.230000 123.709040   7.791417
  0.250000 123.709040   7.667994
  0.270000 123.709040   7.553099
  0.290000 123.709040   7.445268
  0.310000 123.709040   7.343785
  0.330000 123.709040   7.248019
  0.350000 123.709040   7.157416
  0.370000 123.709040   7.071477
  0.390000 123.709040   6.989780
  0.410000 123.709040   6.911956
  0.430000 123.709040   6.837672
  0.450000 123.709040   6.766634
  0.470000 123.709040   6.698899
  0.490000 123.709040   6.634132
  0.510000 123.709040   6.571797
  0.530000 123.709040   6.511737
  0.550000 123.709040   6.453804
  0.570000 123.709040   6.397868
  0.590000 123.709040   6.343800
  0.610000 123.709040   6.291493
  0.630000 123.709040   6.240843
  0.650000 123.709040   6.191758
  0.670000 123.709040   6.144149
  0.690000 123.709040   6.097968
  0.710000 123.709040   6.053262
  0.730000 123.709040   6.009772
  0.750000 123.709040   5.967445
  0.150000 126.424200   8.473062
  0.170000 126.424200   8.288624
  0.190000 126.424200   8.123124
  0.210000 126.424200   7.972980
  0.230000 126.424200   7.835567
  0.250000 126.424200   7.711710
  0.270000 126.424200   7.596443
  0.290000 126.424200   7.488270
  0.310000 126.424200   7.386465
  0.330000 126.424200   7.290401
  0.350000 126.424200   7.199509
  0.370000 126.424200   7.113318
  0.390000 126.424200   7.031383
  0.410000 126.424200   6.953322
  0.430000 126.424200   6.878818
  0.450000 126.424200   6.807569
  0.470000 126.424200   6.739652
  0.490000 126.424200   6.674707
  0.510000 126.424200   6.612201
  0.530000 126.424200   6.551974
  0.550000 126.424200   6.493882
  0.570000 126.424200   6.437790
  0.590000 126.424200   6.383578
  0.610000 126.424200   6.331128
  0.630000 126.424200   6.280339
  0.650000 126.424200   6.231114
  0.670000 126.424200   6.183376
  0.690000 126.424200   6.137068
  0.710000 126.424200   6.092244
  0.730000 126.424200   6.048638
  0.750000 126.424200   6.006200
  0.150000 129.139360   8.518698
  0.170000 129.139360   8.333496
  0.190000 129.139360   8.167334
  0.210000 129.139360   8.016621
  0.230000 129.139360   7.878695
  0.250000 129.139360   7.754452
  0.270000 129.139360   7.638832
  0.290000 129.139360   7.530326
  0.310000 129.139360   7.428212
  0.330000 129.139360   7.331854
  0.350000 129.139360   7.240701
  0.370000 129.139360   7.154247
  0.390000 129.139360   7.072072
  0.410000 129.139360   6.993794
  0.430000 129.139360   6.919078
  0.450000 129.139360   6.847627
  0.470000 129.139360   6.779518
  0.490000 129.139360   6.714402
  0.510000 129.139360   6.651738
  0.530000 129.139360   6.591352
  0.550000 129.139360   6.533102
  0.570000 129.139360   6.476861
  0.590000 129.139360   6.422506
  0.610000 129.139360   6.369918
  0.630000 129.139360   6.319000
  0.650000 129.139360   6.269646
  0.670000 129.139360   6.221781
  0.690000 129.139360   6.175349
  0.710000 129.139360   6.130408
  0.730000 129.139360   6.086694
  0.750000 129.139360   6.044146
  0.150000 131.854520   8.563308
  0.170000 131.854520   8.377353
  0.190000 131.854520   8.210565
  0.210000 131.854520   8.059302
  0.230000 131.854520   7.920891
  0.250000 131.854520   7.796266
  0.270000 131.854520   7.680287
  0.290000 131.854520   7.571450
  0.310000 131.854520   7.469040
  0.330000 131.854520   7.372413
  0.350000 131.854520   7.280994
  0.370000 131.854520   7.194296
  0.390000 131.854520   7.111895
  0.410000 131.854520   7.033395
  0.430000 131.854520   6.958476
  0.450000 131.854520   6.886840
  0.470000 131.854520   6.818551
  0.490000 131.854520   6.753270
  0.510000 131.854520   6.690440
  0.530000 131.854520   6.629906
  0.550000 131.854520   6.571514
  0.570000 131.854520   6.515128
  0.590000 131.854520   6.460631
  0.610000 131.854520   6.407909
  0.630000 131.854520   6.356861
  0.650000 131.854520   6.307382
  0.670000 131.854520   6.259391
  0.690000 131.854520   6.212846
  0.710000 131.854520   6.167796
  0.730000 131.854520   6.123973
  0.750000 131.854520   6.081317
  0.150000 134.569680   8.606941
  0.170000 134.569680   8.420263
  0.190000 134.569680   8.252848
  0.210000 134.569680   8.101043
  0.230000 134.569680   7.962181
  0.250000 134.569680   7.837164
  0.270000 134.569680   7.720856
  0.290000 134.569680   7.611707
  0.310000 134.569680   7.509007
  0.330000 134.569680   7.412099
  0.350000 134.569680   7.320444
  0.370000 134.569680   7.233512
  0.390000 134.569680   7.150884
  0.410000 134.569680   7.072182
  0.430000 134.569680   6.997062
  0.450000 134.569680   6.925227
  0.470000 134.569680   6.856769
  0.490000 134.569680   6.791338
  0.510000 134.569680   6.728354
  0.530000 134.569680   6.667663
  0.550000 134.569680   6.609129
  0.570000 134.569680   6.552612
  0.590000 134.569680   6.497983
  0.610000 134.569680   6.445127
  0.630000 134.569680   6.393954
  0.650000 134.569680   6.344352
  0.670000 134.569680   6.296244
  0.690000 134.569680   6.249584
  0.710000 134.569680   6.204430
  0.730000 134.569680   6.160505
  0.750000 134.569680   6.117743
  0.150000 137.284840   8.649632
  0.170000 137.284840   8.462243
  0.190000 137.284840   8.294242
  0.210000 137.284840   8.141914
  0.230000 137.284840   8.002583
  0.250000 137.284840   7.877211
  0.270000 137.284840   7.760574
  0.290000 137.284840   7.651136
  0.310000 137.284840   7.548149
  0.330000 137.284840   7.450988
  0.350000 137.284840   7.359072
  0.370000 137.284840   7.271912
  0.390000 137.284840   7.189068
  0.410000 137.284840   7.110169
  0.430000 137.284840   7.034859
  0.450000 137.284840   6.962847
  0.470000 137.284840   6.894222
  0.490000 137.284840   6.828628
  0.510000 137.284840   6.765502
  0.530000 137.284840   6.704674
  0.550000 137.284840   6.645997
  0.570000 137.284840   6.589341
  0.590000 137.284840   6.534586
  0.610000 137.284840   6.481609
  0.630000 137.284840   6.430313
  0.650000 137.284840   6.380594
  0.670000 137.284840   6.332371
  0.690000 137.284840   6.285602
  0.710000 137.284840   6.240343
  0.730000 137.284840   6.196311
  0.750000 137.284840   6.153454
  0.150000 140.000000   8.691430
  0.170000 140.000000   8.503350
  0.190000 140.000000   8.334741
  0.210000 140.000000   8.181927
  0.230000 140.000000   8.042152
  0.250000 140.000000   7.916435
  0.270000 140.000000   7.799481
  0.290000 140.000000   7.689740
  0.310000 140.000000   7.586493
  0.330000 140.000000   7.489073
  0.350000 140.000000   7.396924
  0.370000 140.000000   7.309545
  0.390000 140.000000   7.226497
  0.410000 140.000000   7.147395
  0.430000 140.000000   7.071894
  0.450000 140.000000   6.999712
  0.470000 140.000000   6.930930
  0.490000 140.000000   6.865189
  0.510000 140.000000   6.801911
  0.530000 140.000000   6.740948
  0.550000 140.000000   6.682142
  0.570000 140.000000   6.625357
  0.590000 140.000000   6.570472
  0.610000 140.000000   6.517376
  0.630000 140.000000   6.465960
  0.650000 140.000000   6.416132
  0.670000 140.000000   6.367799
  0.690000 140.000000   6.320923
  0.710000 140.000000   6.275563
  0.730000 140.000000   6.231435
  0.750000 140.000000   6.188478
