   6    -2  0.301321E-02  0.154133E-02  0.147187E-02  0.166539E+00
   6    -1  0.386183E-02  0.196252E-02  0.189931E-02  0.226053E+00
   6     0  0.905896E-02  0.449996E-02  0.455899E-02  0.620750E+00
   6     1  0.242178E-01  0.112649E-01  0.129529E-01  0.211032E+01
   6     2  0.382337E-01  0.166977E-01  0.215361E-01  0.439986E+01
   6     3  0.444874E-01  0.188221E-01  0.256653E-01  0.667009E+01
   6     4  0.467507E-01  0.195379E-01  0.272128E-01  0.879270E+01
   6     5  0.475778E-01  0.198291E-01  0.277486E-01  0.108117E+02
   6     6  0.478754E-01  0.199400E-01  0.279354E-01  0.127846E+02
   6     7  0.479781E-01  0.199843E-01  0.279938E-01  0.147309E+02
   7    -2  0.446171E-02  0.227950E-02  0.218221E-02  0.211801E+00
   7    -1  0.551410E-02  0.280038E-02  0.271372E-02  0.274708E+00
   7     0  0.116674E-01  0.577367E-02  0.589374E-02  0.672851E+00
   7     1  0.285682E-01  0.132098E-01  0.153584E-01  0.209509E+01
   7     2  0.437213E-01  0.190501E-01  0.246712E-01  0.426694E+01
   7     3  0.506970E-01  0.214332E-01  0.292637E-01  0.646615E+01
   7     4  0.533096E-01  0.222900E-01  0.310196E-01  0.855681E+01
   7     5  0.543309E-01  0.226322E-01  0.316988E-01  0.105640E+02
   7     6  0.546893E-01  0.227710E-01  0.319183E-01  0.125285E+02
   7     7  0.548279E-01  0.227922E-01  0.320357E-01  0.144757E+02
   8    -2  0.595290E-02  0.303686E-02  0.291605E-02  0.248027E+00
   8    -1  0.718835E-02  0.364326E-02  0.354509E-02  0.311660E+00
   8     0  0.141910E-01  0.698101E-02  0.720995E-02  0.702738E+00
   8     1  0.327097E-01  0.150368E-01  0.176729E-01  0.205969E+01
   8     2  0.491359E-01  0.213579E-01  0.277780E-01  0.413604E+01
   8     3  0.568842E-01  0.240583E-01  0.328259E-01  0.628514E+01
   8     4  0.598582E-01  0.250283E-01  0.348299E-01  0.835022E+01
   8     5  0.610354E-01  0.254286E-01  0.356068E-01  0.103449E+02
   8     6  0.615174E-01  0.255992E-01  0.359182E-01  0.123086E+02
   8     7  0.616521E-01  0.256374E-01  0.360147E-01  0.142490E+02
   9    -2  0.742225E-02  0.377337E-02  0.364888E-02  0.276083E+00
   9    -1  0.879418E-02  0.444519E-02  0.434900E-02  0.338192E+00
   9     0  0.165536E-01  0.810046E-02  0.845310E-02  0.719897E+00
   9     1  0.366313E-01  0.167688E-01  0.198625E-01  0.201617E+01
   9     2  0.544296E-01  0.236060E-01  0.308237E-01  0.401460E+01
   9     3  0.629819E-01  0.265994E-01  0.363825E-01  0.611762E+01
   9     4  0.663373E-01  0.277239E-01  0.386134E-01  0.816091E+01
   9     5  0.677596E-01  0.282197E-01  0.395399E-01  0.101482E+02
   9     6  0.683120E-01  0.284336E-01  0.398784E-01  0.121048E+02
   9     7  0.685160E-01  0.284939E-01  0.400221E-01  0.140468E+02
  10    -2  0.880116E-02  0.446375E-02  0.433740E-02  0.296384E+00
  10    -1  0.103079E-01  0.518612E-02  0.512178E-02  0.356945E+00
  10     0  0.187649E-01  0.913097E-02  0.963396E-02  0.725443E+00
  10     1  0.403402E-01  0.183872E-01  0.219530E-01  0.196636E+01
  10     2  0.596298E-01  0.258368E-01  0.337930E-01  0.390223E+01
  10     3  0.689935E-01  0.291435E-01  0.398500E-01  0.596316E+01
  10     4  0.729000E-01  0.304520E-01  0.424480E-01  0.798897E+01
  10     5  0.745084E-01  0.310107E-01  0.434977E-01  0.997087E+01
  10     6  0.750656E-01  0.312365E-01  0.438291E-01  0.119222E+02
  10     7  0.752581E-01  0.313232E-01  0.439349E-01  0.138622E+02
  11    -2  0.100831E-01  0.508980E-02  0.499330E-02  0.310082E+00
  11    -1  0.117257E-01  0.587806E-02  0.584761E-02  0.368919E+00
  11     0  0.207925E-01  0.100751E-01  0.107174E-01  0.723448E+00
  11     1  0.439310E-01  0.199548E-01  0.239762E-01  0.191685E+01
  11     2  0.646739E-01  0.279783E-01  0.366956E-01  0.379553E+01
  11     3  0.750115E-01  0.316310E-01  0.433804E-01  0.582513E+01
  11     4  0.793946E-01  0.331918E-01  0.462028E-01  0.783581E+01
  11     5  0.812557E-01  0.338453E-01  0.474104E-01  0.981059E+01
  11     6  0.819320E-01  0.341036E-01  0.478284E-01  0.117600E+02
  11     7  0.821914E-01  0.342296E-01  0.479618E-01  0.136940E+02
  12    -2  0.112284E-01  0.565174E-02  0.557664E-02  0.318309E+00
  12    -1  0.129809E-01  0.647996E-02  0.650099E-02  0.375266E+00
  12     0  0.226531E-01  0.109179E-01  0.117352E-01  0.716263E+00
  12     1  0.472831E-01  0.214115E-01  0.258716E-01  0.186541E+01
  12     2  0.696548E-01  0.300907E-01  0.395641E-01  0.369434E+01
  12     3  0.809849E-01  0.341652E-01  0.468196E-01  0.569582E+01
  12     4  0.858963E-01  0.358659E-01  0.500304E-01  0.769177E+01
  12     5  0.878633E-01  0.366255E-01  0.512378E-01  0.965785E+01
  12     6  0.887804E-01  0.369604E-01  0.518200E-01  0.116067E+02
  12     7  0.890311E-01  0.370395E-01  0.519915E-01  0.135358E+02
  13    -2  0.122508E-01  0.614927E-02  0.610151E-02  0.323120E+00
  13    -1  0.140967E-01  0.701012E-02  0.708660E-02  0.377904E+00
  13     0  0.243964E-01  0.116993E-01  0.126971E-01  0.706759E+00
  13     1  0.505428E-01  0.228373E-01  0.277055E-01  0.181589E+01
  13     2  0.744655E-01  0.321345E-01  0.423310E-01  0.359826E+01
  13     3  0.869214E-01  0.366211E-01  0.503003E-01  0.557660E+01
  13     4  0.922549E-01  0.385268E-01  0.537281E-01  0.756188E+01
  13     5  0.945128E-01  0.393652E-01  0.551475E-01  0.952023E+01
  13     6  0.954734E-01  0.397467E-01  0.557267E-01  0.114641E+02
  13     7  0.958760E-01  0.398942E-01  0.559818E-01  0.134000E+02
  14    -2  0.131364E-01  0.656626E-02  0.657011E-02  0.324756E+00
  14    -1  0.150844E-01  0.747262E-02  0.761178E-02  0.377350E+00
  14     0  0.259472E-01  0.124013E-01  0.135459E-01  0.694098E+00
  14     1  0.536204E-01  0.241673E-01  0.294531E-01  0.176668E+01
  14     2  0.792794E-01  0.341504E-01  0.451290E-01  0.350973E+01
  14     3  0.927671E-01  0.390694E-01  0.536977E-01  0.546473E+01
  14     4  0.986101E-01  0.412143E-01  0.573958E-01  0.743709E+01
  14     5  0.101264E+00  0.421669E-01  0.590973E-01  0.939088E+01
  14     6  0.102210E+00  0.425708E-01  0.596392E-01  0.113327E+02
  14     7  0.102643E+00  0.427355E-01  0.599074E-01  0.132654E+02
  15    -2  0.139318E-01  0.693609E-02  0.699572E-02  0.323775E+00
  15    -1  0.159671E-01  0.788365E-02  0.808348E-02  0.374413E+00
  15     0  0.274079E-01  0.130621E-01  0.143458E-01  0.680879E+00
  15     1  0.566528E-01  0.254587E-01  0.311941E-01  0.171916E+01
  15     2  0.839600E-01  0.361378E-01  0.478222E-01  0.342646E+01
  15     3  0.985633E-01  0.415115E-01  0.570517E-01  0.535491E+01
  15     4  0.105073E+00  0.438726E-01  0.612009E-01  0.731552E+01
  15     5  0.107885E+00  0.449582E-01  0.629273E-01  0.926892E+01
  15     6  0.109025E+00  0.453843E-01  0.636404E-01  0.112088E+02
  15     7  0.109469E+00  0.455172E-01  0.639517E-01  0.131450E+02
  16    -2  0.145941E-01  0.724220E-02  0.735195E-02  0.320777E+00
  16    -1  0.167337E-01  0.821343E-02  0.852023E-02  0.369909E+00
  16     0  0.287112E-01  0.136129E-01  0.150983E-01  0.665523E+00
  16     1  0.594899E-01  0.266654E-01  0.328245E-01  0.167559E+01
  16     2  0.886519E-01  0.381484E-01  0.505034E-01  0.334883E+01
  16     3  0.104338E+00  0.439447E-01  0.603931E-01  0.525828E+01
  16     4  0.111454E+00  0.465390E-01  0.649146E-01  0.721159E+01
  16     5  0.114467E+00  0.476625E-01  0.668042E-01  0.916052E+01
  16     6  0.115748E+00  0.481491E-01  0.675985E-01  0.110960E+02
  16     7  0.116302E+00  0.484095E-01  0.678925E-01  0.130296E+02
  17    -2  0.151399E-01  0.748377E-02  0.765614E-02  0.316574E+00
  17    -1  0.173659E-01  0.850640E-02  0.885952E-02  0.364013E+00
  17     0  0.298681E-01  0.141272E-01  0.157409E-01  0.650641E+00
  17     1  0.622941E-01  0.278576E-01  0.344365E-01  0.163207E+01
  17     2  0.932499E-01  0.400483E-01  0.532016E-01  0.327433E+01
  17     3  0.110163E+00  0.463917E-01  0.637709E-01  0.516377E+01
  17     4  0.117807E+00  0.492081E-01  0.685985E-01  0.710759E+01
  17     5  0.121189E+00  0.504448E-01  0.707445E-01  0.904925E+01
  17     6  0.122566E+00  0.510095E-01  0.715560E-01  0.109850E+02
  17     7  0.123155E+00  0.512194E-01  0.719353E-01  0.129184E+02
  18    -2  0.155937E-01  0.767220E-02  0.792151E-02  0.310996E+00
  18    -1  0.179316E-01  0.875170E-02  0.917992E-02  0.356703E+00
  18     0  0.309515E-01  0.145827E-01  0.163688E-01  0.634611E+00
  18     1  0.648751E-01  0.289592E-01  0.359159E-01  0.158979E+01
  18     2  0.977118E-01  0.419331E-01  0.557787E-01  0.320159E+01
  18     3  0.115702E+00  0.486950E-01  0.670073E-01  0.507481E+01
  18     4  0.124175E+00  0.518774E-01  0.722978E-01  0.700756E+01
  18     5  0.127704E+00  0.532029E-01  0.745008E-01  0.894996E+01
  18     6  0.129305E+00  0.538318E-01  0.754734E-01  0.108803E+02
  18     7  0.130032E+00  0.541028E-01  0.759292E-01  0.128153E+02
  19    -2  0.159518E-01  0.781825E-02  0.813352E-02  0.304777E+00
  19    -1  0.183727E-01  0.894288E-02  0.942985E-02  0.349217E+00
  19     0  0.318922E-01  0.149696E-01  0.169227E-01  0.618548E+00
  19     1  0.674531E-01  0.300393E-01  0.374138E-01  0.154939E+01
  19     2  0.102074E+00  0.437956E-01  0.582785E-01  0.313510E+01
  19     3  0.121463E+00  0.511031E-01  0.703603E-01  0.499188E+01
  19     4  0.130458E+00  0.544968E-01  0.759608E-01  0.691672E+01
  19     5  0.134413E+00  0.559492E-01  0.784637E-01  0.885001E+01
  19     6  0.136086E+00  0.566253E-01  0.794611E-01  0.107872E+02
  19     7  0.136715E+00  0.568609E-01  0.798536E-01  0.127169E+02
  20    -2  0.162404E-01  0.793682E-02  0.830363E-02  0.297426E+00
  20    -1  0.187160E-01  0.906947E-02  0.964649E-02  0.340984E+00
  20     0  0.327397E-01  0.153058E-01  0.174339E-01  0.602930E+00
  20     1  0.698515E-01  0.310520E-01  0.387995E-01  0.151091E+01
  20     2  0.106388E+00  0.455992E-01  0.607885E-01  0.307000E+01
  20     3  0.127180E+00  0.534999E-01  0.736797E-01  0.491073E+01
  20     4  0.136689E+00  0.570126E-01  0.796762E-01  0.682757E+01
  20     5  0.140947E+00  0.587159E-01  0.822311E-01  0.875847E+01
  20     6  0.142773E+00  0.593749E-01  0.833985E-01  0.106918E+02
  20     7  0.143680E+00  0.597672E-01  0.839129E-01  0.126199E+02
  21    -2  0.164514E-01  0.802216E-02  0.842929E-02  0.290258E+00
  21    -1  0.190137E-01  0.918280E-02  0.983093E-02  0.331972E+00
  21     0  0.334834E-01  0.156170E-01  0.178663E-01  0.586762E+00
  21     1  0.722403E-01  0.320521E-01  0.401883E-01  0.147465E+01
  21     2  0.110756E+00  0.474017E-01  0.633542E-01  0.300918E+01
  21     3  0.132659E+00  0.558023E-01  0.768569E-01  0.483421E+01
  21     4  0.142952E+00  0.596146E-01  0.833373E-01  0.674572E+01
  21     5  0.147551E+00  0.614540E-01  0.860968E-01  0.867502E+01
  21     6  0.149613E+00  0.622350E-01  0.873779E-01  0.106029E+02
  21     7  0.150391E+00  0.625599E-01  0.878309E-01  0.125328E+02
  22    -2  0.165388E-01  0.804109E-02  0.849775E-02  0.282295E+00
  22    -1  0.191702E-01  0.923769E-02  0.993250E-02  0.323096E+00
  22     0  0.341493E-01  0.158961E-01  0.182532E-01  0.570533E+00
  22     1  0.744765E-01  0.329920E-01  0.414845E-01  0.143995E+01
  22     2  0.114969E+00  0.491861E-01  0.657830E-01  0.295117E+01
  22     3  0.138120E+00  0.580677E-01  0.800519E-01  0.476073E+01
  22     4  0.149285E+00  0.623225E-01  0.869622E-01  0.666232E+01
  22     5  0.154164E+00  0.642186E-01  0.899453E-01  0.858927E+01
  22     6  0.156312E+00  0.650358E-01  0.912766E-01  0.105134E+02
  22     7  0.157285E+00  0.654043E-01  0.918806E-01  0.124467E+02
  23    -2  0.166182E-01  0.805802E-02  0.856015E-02  0.274463E+00
  23    -1  0.193183E-01  0.928660E-02  0.100317E-01  0.313839E+00
  23     0  0.347230E-01  0.161080E-01  0.186150E-01  0.555398E+00
  23     1  0.766386E-01  0.338643E-01  0.427743E-01  0.140564E+01
  23     2  0.119199E+00  0.509803E-01  0.682190E-01  0.289725E+01
  23     3  0.143582E+00  0.603585E-01  0.832236E-01  0.469091E+01
  23     4  0.155348E+00  0.648190E-01  0.905294E-01  0.658599E+01
  23     5  0.160761E+00  0.669591E-01  0.938016E-01  0.850853E+01
  23     6  0.163105E+00  0.678533E-01  0.952514E-01  0.104355E+02
  23     7  0.163980E+00  0.682335E-01  0.957464E-01  0.123650E+02
  24    -2  0.166041E-01  0.802849E-02  0.857556E-02  0.266028E+00
  24    -1  0.194078E-01  0.928892E-02  0.101188E-01  0.304595E+00
  24     0  0.352346E-01  0.163237E-01  0.189109E-01  0.539870E+00
  24     1  0.786987E-01  0.347294E-01  0.439693E-01  0.137196E+01
  24     2  0.123180E+00  0.526290E-01  0.705514E-01  0.284063E+01
  24     3  0.149093E+00  0.626572E-01  0.864357E-01  0.462565E+01
  24     4  0.161697E+00  0.674796E-01  0.942171E-01  0.651193E+01
  24     5  0.167274E+00  0.696538E-01  0.976200E-01  0.842950E+01
  24     6  0.169916E+00  0.706879E-01  0.992278E-01  0.103629E+02
  24     7  0.170932E+00  0.710606E-01  0.998709E-01  0.122881E+02
  25    -2  0.165560E-01  0.797566E-02  0.858038E-02  0.257539E+00
  25    -1  0.193845E-01  0.926052E-02  0.101240E-01  0.295107E+00
  25     0  0.356287E-01  0.164534E-01  0.191752E-01  0.524990E+00
  25     1  0.806813E-01  0.355268E-01  0.451545E-01  0.134133E+01
  25     2  0.127178E+00  0.543155E-01  0.728629E-01  0.278933E+01
  25     3  0.154525E+00  0.648522E-01  0.896730E-01  0.455926E+01
  25     4  0.167806E+00  0.700473E-01  0.977582E-01  0.644246E+01
  25     5  0.173743E+00  0.723793E-01  0.101363E+00  0.836061E+01
  25     6  0.176476E+00  0.734669E-01  0.103010E+00  0.102815E+02
  25     7  0.177668E+00  0.739218E-01  0.103746E+00  0.122126E+02
  26    -2  0.164562E-01  0.790242E-02  0.855377E-02  0.249394E+00
  26    -1  0.193477E-01  0.922526E-02  0.101224E-01  0.286101E+00
  26     0  0.359761E-01  0.165580E-01  0.194182E-01  0.510289E+00
  26     1  0.825223E-01  0.362656E-01  0.462567E-01  0.131103E+01
  26     2  0.131119E+00  0.559354E-01  0.751841E-01  0.274061E+01
  26     3  0.160174E+00  0.672395E-01  0.929340E-01  0.449837E+01
  26     4  0.174027E+00  0.726401E-01  0.101387E+00  0.637565E+01
  26     5  0.180412E+00  0.751327E-01  0.105279E+00  0.828891E+01
  26     6  0.183231E+00  0.762657E-01  0.106965E+00  0.102119E+02
  26     7  0.184597E+00  0.767519E-01  0.107845E+00  0.121409E+02
  27    -2  0.163084E-01  0.781928E-02  0.848910E-02  0.241033E+00
  27    -1  0.192519E-01  0.914586E-02  0.101061E-01  0.276700E+00
  27     0  0.362500E-01  0.166535E-01  0.195965E-01  0.495862E+00
  27     1  0.843668E-01  0.370534E-01  0.473134E-01  0.128176E+01
  27     2  0.135116E+00  0.575760E-01  0.775400E-01  0.269400E+01
  27     3  0.165275E+00  0.693805E-01  0.958948E-01  0.443770E+01
  27     4  0.180180E+00  0.751622E-01  0.105018E+00  0.630952E+01
  27     5  0.187034E+00  0.778966E-01  0.109137E+00  0.821827E+01
  27     6  0.189980E+00  0.790313E-01  0.110949E+00  0.101459E+02
  27     7  0.191311E+00  0.796002E-01  0.111711E+00  0.120707E+02
  28    -2  0.160890E-01  0.770420E-02  0.838478E-02  0.232666E+00
  28    -1  0.190747E-01  0.905355E-02  0.100212E-01  0.267341E+00
  28     0  0.364578E-01  0.167118E-01  0.197460E-01  0.481614E+00
  28     1  0.860907E-01  0.376935E-01  0.483972E-01  0.125427E+01
  28     2  0.139044E+00  0.592914E-01  0.797523E-01  0.264810E+01
  28     3  0.170654E+00  0.715908E-01  0.990628E-01  0.438114E+01
  28     4  0.186219E+00  0.777267E-01  0.108492E+00  0.624677E+01
  28     5  0.193520E+00  0.805819E-01  0.112938E+00  0.815537E+01
  28     6  0.196666E+00  0.818715E-01  0.114795E+00  0.100759E+02
  28     7  0.198078E+00  0.825093E-01  0.115568E+00  0.120019E+02
  29    -2  0.158888E-01  0.758220E-02  0.830656E-02  0.224566E+00
  29    -1  0.189023E-01  0.894783E-02  0.995442E-02  0.258279E+00
  29     0  0.365962E-01  0.167628E-01  0.198334E-01  0.467855E+00
  29     1  0.877104E-01  0.383746E-01  0.493358E-01  0.122613E+01
  29     2  0.142789E+00  0.608545E-01  0.819346E-01  0.260340E+01
  29     3  0.175900E+00  0.737906E-01  0.102110E+00  0.432577E+01
  29     4  0.192438E+00  0.803124E-01  0.112126E+00  0.618505E+01
  29     5  0.200064E+00  0.833147E-01  0.116749E+00  0.809035E+01
  29     6  0.203504E+00  0.847365E-01  0.118768E+00  0.100117E+02
  29     7  0.204845E+00  0.852257E-01  0.119619E+00  0.119352E+02
  30    -2  0.156291E-01  0.744843E-02  0.818063E-02  0.215989E+00
  30    -1  0.186817E-01  0.882929E-02  0.985244E-02  0.249232E+00
  30     0  0.366989E-01  0.167608E-01  0.199380E-01  0.454530E+00
  30     1  0.892951E-01  0.390147E-01  0.502804E-01  0.120089E+01
  30     2  0.146410E+00  0.622750E-01  0.841353E-01  0.256055E+01
  30     3  0.181307E+00  0.760348E-01  0.105272E+00  0.427269E+01
  30     4  0.198575E+00  0.828395E-01  0.115736E+00  0.612597E+01
  30     5  0.206512E+00  0.860129E-01  0.120499E+00  0.802883E+01
  30     6  0.210163E+00  0.874910E-01  0.122672E+00  0.994683E+01
  30     7  0.211782E+00  0.881547E-01  0.123628E+00  0.118731E+02
  31    -2  0.153303E-01  0.729314E-02  0.803719E-02  0.208243E+00
  31    -1  0.184158E-01  0.868308E-02  0.973270E-02  0.240684E+00
  31     0  0.366779E-01  0.167248E-01  0.199531E-01  0.441308E+00
  31     1  0.906949E-01  0.395560E-01  0.511389E-01  0.117443E+01
  31     2  0.150036E+00  0.637666E-01  0.862697E-01  0.252187E+01
  31     3  0.186552E+00  0.782442E-01  0.108308E+00  0.422035E+01
  31     4  0.204712E+00  0.853701E-01  0.119342E+00  0.606598E+01
  31     5  0.212972E+00  0.886500E-01  0.124322E+00  0.796954E+01
  31     6  0.216894E+00  0.902852E-01  0.126609E+00  0.988705E+01
  31     7  0.218504E+00  0.908817E-01  0.127623E+00  0.118105E+02
  32    -2  0.150106E-01  0.712868E-02  0.788195E-02  0.199975E+00
  32    -1  0.181205E-01  0.852838E-02  0.959212E-02  0.232003E+00
  32     0  0.366956E-01  0.167079E-01  0.199876E-01  0.428347E+00
  32     1  0.921723E-01  0.401646E-01  0.520077E-01  0.114966E+01
  32     2  0.153687E+00  0.653267E-01  0.883606E-01  0.248116E+01
  32     3  0.191624E+00  0.803006E-01  0.111323E+00  0.417150E+01
  32     4  0.210622E+00  0.878303E-01  0.122792E+00  0.601243E+01
  32     5  0.219561E+00  0.913766E-01  0.128184E+00  0.790917E+01
  32     6  0.223623E+00  0.930100E-01  0.130613E+00  0.982711E+01
  32     7  0.225424E+00  0.937948E-01  0.131629E+00  0.117559E+02
  33    -2  0.146755E-01  0.696817E-02  0.770735E-02  0.192472E+00
  33    -1  0.178031E-01  0.837207E-02  0.943105E-02  0.223445E+00
  33     0  0.365915E-01  0.166288E-01  0.199627E-01  0.415817E+00
  33     1  0.934347E-01  0.406583E-01  0.527763E-01  0.112671E+01
  33     2  0.157163E+00  0.667477E-01  0.904152E-01  0.244376E+01
  33     3  0.196782E+00  0.824952E-01  0.114287E+00  0.412234E+01
  33     4  0.216561E+00  0.903239E-01  0.126237E+00  0.596060E+01
  33     5  0.226017E+00  0.941150E-01  0.131902E+00  0.785414E+01
  33     6  0.230202E+00  0.957877E-01  0.134415E+00  0.977183E+01
  33     7  0.232100E+00  0.966068E-01  0.135493E+00  0.116991E+02
  34    -2  0.143158E-01  0.678108E-02  0.753475E-02  0.184537E+00
  34    -1  0.174798E-01  0.819547E-02  0.928434E-02  0.215001E+00
  34     0  0.364919E-01  0.165555E-01  0.199364E-01  0.403285E+00
  34     1  0.947084E-01  0.411307E-01  0.535777E-01  0.110392E+01
  34     2  0.160824E+00  0.682418E-01  0.925823E-01  0.240581E+01
  34     3  0.201810E+00  0.845655E-01  0.117245E+00  0.407861E+01
  34     4  0.222714E+00  0.928597E-01  0.129855E+00  0.590800E+01
  34     5  0.232371E+00  0.967827E-01  0.135588E+00  0.780473E+01
  34     6  0.236957E+00  0.986460E-01  0.138311E+00  0.971539E+01
  34     7  0.238710E+00  0.993696E-01  0.139341E+00  0.116420E+02
  35    -2  0.139618E-01  0.660086E-02  0.736097E-02  0.177719E+00
  35    -1  0.171091E-01  0.801984E-02  0.908926E-02  0.206929E+00
  35     0  0.363160E-01  0.164538E-01  0.198622E-01  0.391435E+00
  35     1  0.958682E-01  0.415898E-01  0.542784E-01  0.108124E+01
  35     2  0.164131E+00  0.696342E-01  0.944969E-01  0.236992E+01
  35     3  0.206949E+00  0.866807E-01  0.120269E+00  0.403028E+01
  35     4  0.228805E+00  0.953952E-01  0.133409E+00  0.585628E+01
  35     5  0.239000E+00  0.995353E-01  0.139465E+00  0.774691E+01
  35     6  0.243591E+00  0.101394E+00  0.142197E+00  0.966137E+01
  35     7  0.245587E+00  0.102182E+00  0.143405E+00  0.115835E+02
  36    -2  0.135601E-01  0.640193E-02  0.715819E-02  0.170239E+00
  36    -1  0.167522E-01  0.784729E-02  0.890487E-02  0.199119E+00
  36     0  0.361269E-01  0.163565E-01  0.197704E-01  0.379885E+00
  36     1  0.970741E-01  0.420593E-01  0.550148E-01  0.105936E+01
  36     2  0.167609E+00  0.710493E-01  0.965599E-01  0.233494E+01
  36     3  0.211859E+00  0.888005E-01  0.123059E+00  0.398490E+01
  36     4  0.234823E+00  0.978525E-01  0.136970E+00  0.580559E+01
  36     5  0.245571E+00  0.102227E+00  0.143343E+00  0.769710E+01
  36     6  0.250391E+00  0.104188E+00  0.146204E+00  0.961051E+01
  36     7  0.252534E+00  0.105023E+00  0.147511E+00  0.115383E+02
  37    -2  0.131785E-01  0.621254E-02  0.696591E-02  0.163254E+00
  37    -1  0.163393E-01  0.763233E-02  0.870696E-02  0.191397E+00
  37     0  0.358530E-01  0.162052E-01  0.196479E-01  0.368272E+00
  37     1  0.981029E-01  0.424545E-01  0.556484E-01  0.103787E+01
  37     2  0.171034E+00  0.724061E-01  0.986278E-01  0.230150E+01
  37     3  0.216958E+00  0.908160E-01  0.126142E+00  0.394328E+01
  37     4  0.240882E+00  0.100293E+00  0.140589E+00  0.576045E+01
  37     5  0.251801E+00  0.104835E+00  0.146965E+00  0.764599E+01
  37     6  0.256988E+00  0.106899E+00  0.150089E+00  0.955978E+01
  37     7  0.259131E+00  0.107792E+00  0.151340E+00  0.114861E+02
  38    -2  0.127798E-01  0.602103E-02  0.675874E-02  0.156313E+00
  38    -1  0.159768E-01  0.746543E-02  0.851137E-02  0.183664E+00
  38     0  0.355786E-01  0.160550E-01  0.195236E-01  0.357207E+00
  38     1  0.991385E-01  0.428356E-01  0.563029E-01  0.101742E+01
  38     2  0.174036E+00  0.736481E-01  0.100388E+00  0.226810E+01
  38     3  0.222079E+00  0.929621E-01  0.129117E+00  0.390132E+01
  38     4  0.246773E+00  0.102822E+00  0.143951E+00  0.571485E+01
  38     5  0.258254E+00  0.107473E+00  0.150780E+00  0.759650E+01
  38     6  0.263639E+00  0.109763E+00  0.153875E+00  0.950960E+01
  38     7  0.266059E+00  0.110715E+00  0.155344E+00  0.114357E+02
  39    -2  0.123709E-01  0.581996E-02  0.655090E-02  0.149454E+00
  39    -1  0.155528E-01  0.724891E-02  0.830384E-02  0.176614E+00
  39     0  0.352644E-01  0.158922E-01  0.193722E-01  0.346620E+00
  39     1  0.999569E-01  0.431911E-01  0.567657E-01  0.997180E+00
  39     2  0.177460E+00  0.751511E-01  0.102309E+00  0.223587E+01
  39     3  0.227067E+00  0.950769E-01  0.131990E+00  0.385850E+01
  39     4  0.252612E+00  0.105267E+00  0.147346E+00  0.566804E+01
  39     5  0.264858E+00  0.110191E+00  0.154667E+00  0.755072E+01
  39     6  0.270307E+00  0.112503E+00  0.157804E+00  0.946157E+01
  39     7  0.272750E+00  0.113447E+00  0.159304E+00  0.113834E+02
  40    -2  0.119708E-01  0.561842E-02  0.635237E-02  0.143192E+00
  40    -1  0.151128E-01  0.704220E-02  0.807061E-02  0.169348E+00
  40     0  0.349319E-01  0.157350E-01  0.191969E-01  0.335795E+00
  40     1  0.100956E+00  0.435426E-01  0.574130E-01  0.978001E+00
  40     2  0.180525E+00  0.763000E-01  0.104225E+00  0.220577E+01
  40     3  0.231910E+00  0.970565E-01  0.134854E+00  0.382113E+01
  40     4  0.258591E+00  0.107743E+00  0.150848E+00  0.562319E+01
  40     5  0.271331E+00  0.112910E+00  0.158421E+00  0.750509E+01
  40     6  0.277052E+00  0.115289E+00  0.161763E+00  0.941436E+01
  40     7  0.279518E+00  0.116218E+00  0.163300E+00  0.113378E+02
  41    -2  0.115626E-01  0.543007E-02  0.613258E-02  0.136981E+00
  41    -1  0.146993E-01  0.683938E-02  0.785995E-02  0.162477E+00
  41     0  0.345742E-01  0.155693E-01  0.190049E-01  0.325823E+00
  41     1  0.101698E+00  0.438169E-01  0.578816E-01  0.959182E+00
  41     2  0.183539E+00  0.775680E-01  0.105971E+00  0.217483E+01
  41     3  0.236758E+00  0.990840E-01  0.137674E+00  0.378191E+01
  41     4  0.264503E+00  0.110321E+00  0.154183E+00  0.557785E+01
  41     5  0.277484E+00  0.115509E+00  0.161975E+00  0.745818E+01
  41     6  0.283655E+00  0.117990E+00  0.165665E+00  0.936897E+01
  41     7  0.286359E+00  0.119075E+00  0.167284E+00  0.112899E+02
  42    -2  0.111594E-01  0.523652E-02  0.592289E-02  0.131160E+00
  42    -1  0.142909E-01  0.664217E-02  0.764872E-02  0.156085E+00
  42     0  0.342403E-01  0.154214E-01  0.188189E-01  0.316007E+00
  42     1  0.102561E+00  0.441563E-01  0.584047E-01  0.940256E+00
  42     2  0.186725E+00  0.788801E-01  0.107845E+00  0.214607E+01
  42     3  0.241767E+00  0.101153E+00  0.140615E+00  0.374423E+01
  42     4  0.270398E+00  0.112534E+00  0.157864E+00  0.553882E+01
  42     5  0.283988E+00  0.118195E+00  0.165793E+00  0.741449E+01
  42     6  0.290453E+00  0.120870E+00  0.169583E+00  0.932283E+01
  42     7  0.293068E+00  0.121895E+00  0.171173E+00  0.112463E+02
  43    -2  0.107629E-01  0.504712E-02  0.571582E-02  0.125068E+00
  43    -1  0.138496E-01  0.643221E-02  0.741740E-02  0.149481E+00
  43     0  0.337931E-01  0.151930E-01  0.186002E-01  0.305523E+00
  43     1  0.103161E+00  0.443700E-01  0.587909E-01  0.922363E+00
  43     2  0.189735E+00  0.800572E-01  0.109678E+00  0.211721E+01
  43     3  0.246456E+00  0.103071E+00  0.143385E+00  0.370571E+01
  43     4  0.276269E+00  0.115107E+00  0.161162E+00  0.549774E+01
  43     5  0.290537E+00  0.120904E+00  0.169633E+00  0.737118E+01
  43     6  0.297031E+00  0.123575E+00  0.173456E+00  0.928274E+01
  43     7  0.299999E+00  0.124768E+00  0.175231E+00  0.112006E+02
  44    -2  0.103628E-01  0.485112E-02  0.551173E-02  0.119516E+00
  44    -1  0.134358E-01  0.623164E-02  0.720415E-02  0.143172E+00
  44     0  0.333430E-01  0.149631E-01  0.183800E-01  0.296480E+00
  44     1  0.103880E+00  0.446579E-01  0.592224E-01  0.905036E+00
  44     2  0.192782E+00  0.813704E-01  0.111412E+00  0.208932E+01
  44     3  0.251237E+00  0.104992E+00  0.146245E+00  0.367142E+01
  44     4  0.282174E+00  0.117426E+00  0.164747E+00  0.545638E+01
  44     5  0.296762E+00  0.123602E+00  0.173161E+00  0.733101E+01
  44     6  0.303557E+00  0.126338E+00  0.177220E+00  0.923838E+01
  44     7  0.306776E+00  0.127705E+00  0.179071E+00  0.111584E+02
  45    -2  0.995426E-02  0.465743E-02  0.529683E-02  0.114159E+00
  45    -1  0.130113E-01  0.602403E-02  0.698729E-02  0.137128E+00
  45     0  0.328931E-01  0.147554E-01  0.181377E-01  0.287410E+00
  45     1  0.104384E+00  0.448332E-01  0.595512E-01  0.887475E+00
  45     2  0.195617E+00  0.824852E-01  0.113132E+00  0.206268E+01
  45     3  0.256116E+00  0.106996E+00  0.149119E+00  0.363877E+01
  45     4  0.288104E+00  0.119955E+00  0.168149E+00  0.541585E+01
  45     5  0.303472E+00  0.126336E+00  0.177136E+00  0.728783E+01
  45     6  0.310706E+00  0.129262E+00  0.181444E+00  0.919533E+01
  45     7  0.313569E+00  0.130400E+00  0.183169E+00  0.111165E+02
  46    -2  0.958329E-02  0.447859E-02  0.510470E-02  0.108760E+00
  46    -1  0.125739E-01  0.582979E-02  0.674416E-02  0.131465E+00
  46     0  0.324459E-01  0.145524E-01  0.178936E-01  0.278478E+00
  46     1  0.104917E+00  0.450028E-01  0.599144E-01  0.870908E+00
  46     2  0.198563E+00  0.836624E-01  0.114900E+00  0.203649E+01
  46     3  0.260848E+00  0.109088E+00  0.151760E+00  0.360292E+01
  46     4  0.293646E+00  0.122282E+00  0.171364E+00  0.537709E+01
  46     5  0.309563E+00  0.128750E+00  0.180813E+00  0.724936E+01
  46     6  0.317194E+00  0.132015E+00  0.185179E+00  0.915246E+01
  46     7  0.320165E+00  0.133118E+00  0.187048E+00  0.110727E+02
  47    -2  0.918986E-02  0.428654E-02  0.490333E-02  0.103820E+00
  47    -1  0.121719E-01  0.563836E-02  0.653349E-02  0.125706E+00
  47     0  0.319526E-01  0.143369E-01  0.176157E-01  0.269560E+00
  47     1  0.105379E+00  0.451860E-01  0.601935E-01  0.854754E+00
  47     2  0.201238E+00  0.848536E-01  0.116384E+00  0.201068E+01
  47     3  0.265661E+00  0.110920E+00  0.154742E+00  0.356895E+01
  47     4  0.299573E+00  0.124713E+00  0.174860E+00  0.534288E+01
  47     5  0.315994E+00  0.131491E+00  0.184503E+00  0.720826E+01
  47     6  0.323603E+00  0.134602E+00  0.189001E+00  0.911460E+01
  47     7  0.326800E+00  0.135932E+00  0.190869E+00  0.110374E+02
  48    -2  0.880129E-02  0.410588E-02  0.469540E-02  0.989984E-01
  48    -1  0.117584E-01  0.543474E-02  0.632369E-02  0.120314E+00
  48     0  0.314781E-01  0.140982E-01  0.173799E-01  0.261145E+00
  48     1  0.105788E+00  0.452966E-01  0.604909E-01  0.839478E+00
  48     2  0.204233E+00  0.859356E-01  0.118298E+00  0.198501E+01
  48     3  0.270153E+00  0.112849E+00  0.157304E+00  0.353635E+01
  48     4  0.305309E+00  0.127150E+00  0.178159E+00  0.530353E+01
  48     5  0.322417E+00  0.134184E+00  0.188233E+00  0.717066E+01
  48     6  0.330279E+00  0.137499E+00  0.192781E+00  0.907377E+01
  48     7  0.333875E+00  0.138981E+00  0.194894E+00  0.109914E+02
  49    -2  0.844243E-02  0.393919E-02  0.450324E-02  0.941070E-01
  49    -1  0.113385E-01  0.523744E-02  0.610102E-02  0.115094E+00
  49     0  0.309659E-01  0.138722E-01  0.170937E-01  0.252970E+00
  49     1  0.106192E+00  0.454471E-01  0.607451E-01  0.823374E+00
  49     2  0.206826E+00  0.871078E-01  0.119718E+00  0.196030E+01
  49     3  0.274953E+00  0.114819E+00  0.160133E+00  0.350358E+01
  49     4  0.311345E+00  0.129658E+00  0.181687E+00  0.526967E+01
  49     5  0.328811E+00  0.136879E+00  0.191932E+00  0.713331E+01
  49     6  0.336821E+00  0.140197E+00  0.196624E+00  0.903587E+01
  49     7  0.340612E+00  0.141552E+00  0.199060E+00  0.109574E+02
  50    -2  0.808379E-02  0.376902E-02  0.431477E-02  0.896705E-01
  50    -1  0.109334E-01  0.505041E-02  0.588296E-02  0.110006E+00
  50     0  0.304640E-01  0.136365E-01  0.168276E-01  0.245252E+00
  50     1  0.106621E+00  0.456286E-01  0.609920E-01  0.808258E+00
  50     2  0.209428E+00  0.881159E-01  0.121312E+00  0.193641E+01
  50     3  0.279498E+00  0.116799E+00  0.162699E+00  0.347073E+01
  50     4  0.316777E+00  0.131880E+00  0.184897E+00  0.523354E+01
  50     5  0.335217E+00  0.139576E+00  0.195641E+00  0.709698E+01
  50     6  0.343411E+00  0.142900E+00  0.200512E+00  0.900124E+01
  50     7  0.347147E+00  0.144354E+00  0.202793E+00  0.109189E+02
  51    -2  0.772919E-02  0.359554E-02  0.413366E-02  0.854923E-01
  51    -1  0.105313E-01  0.486641E-02  0.566485E-02  0.104986E+00
  51     0  0.299202E-01  0.133811E-01  0.165391E-01  0.237239E+00
  51     1  0.106772E+00  0.456427E-01  0.611293E-01  0.793462E+00
  51     2  0.212123E+00  0.891555E-01  0.122967E+00  0.191155E+01
  51     3  0.284195E+00  0.118622E+00  0.165572E+00  0.344373E+01
  51     4  0.322680E+00  0.134275E+00  0.188405E+00  0.520084E+01
  51     5  0.341375E+00  0.141975E+00  0.199400E+00  0.705910E+01
  51     6  0.350279E+00  0.145644E+00  0.204635E+00  0.895952E+01
  51     7  0.354082E+00  0.147227E+00  0.206855E+00  0.108844E+02
  52    -2  0.738061E-02  0.343866E-02  0.394195E-02  0.812792E-01
  52    -1  0.101542E-01  0.468440E-02  0.546980E-02  0.100611E+00
  52     0  0.293993E-01  0.131471E-01  0.162522E-01  0.229681E+00
  52     1  0.107071E+00  0.457291E-01  0.613421E-01  0.779188E+00
  52     2  0.214602E+00  0.903139E-01  0.124288E+00  0.188911E+01
  52     3  0.288688E+00  0.120587E+00  0.168101E+00  0.341278E+01
  52     4  0.328549E+00  0.136753E+00  0.191796E+00  0.516608E+01
  52     5  0.347620E+00  0.144654E+00  0.202966E+00  0.702288E+01
  52     6  0.356805E+00  0.148384E+00  0.208420E+00  0.892558E+01
  52     7  0.360787E+00  0.150148E+00  0.210639E+00  0.108457E+02
  53    -2  0.705689E-02  0.328128E-02  0.377561E-02  0.772965E-01
  53    -1  0.977358E-02  0.450917E-02  0.526441E-02  0.959726E-01
  53     0  0.288599E-01  0.129017E-01  0.159582E-01  0.222221E+00
  53     1  0.107295E+00  0.458379E-01  0.614574E-01  0.764278E+00
  53     2  0.217309E+00  0.913974E-01  0.125911E+00  0.186809E+01
  53     3  0.293380E+00  0.122444E+00  0.170936E+00  0.338301E+01
  53     4  0.334029E+00  0.138976E+00  0.195053E+00  0.513349E+01
  53     5  0.354104E+00  0.147283E+00  0.206821E+00  0.699159E+01
  53     6  0.363439E+00  0.151136E+00  0.212303E+00  0.888974E+01
  53     7  0.367754E+00  0.152937E+00  0.214817E+00  0.108094E+02
  54    -2  0.673325E-02  0.312990E-02  0.360335E-02  0.735286E-01
  54    -1  0.939421E-02  0.432530E-02  0.506891E-02  0.917454E-01
  54     0  0.282990E-01  0.126641E-01  0.156349E-01  0.214933E+00
  54     1  0.107453E+00  0.458350E-01  0.616181E-01  0.750882E+00
  54     2  0.219716E+00  0.923221E-01  0.127394E+00  0.184458E+01
  54     3  0.297809E+00  0.124283E+00  0.173527E+00  0.335453E+01
  54     4  0.340031E+00  0.141451E+00  0.198579E+00  0.510024E+01
  54     5  0.360244E+00  0.149954E+00  0.210290E+00  0.695510E+01
  54     6  0.370159E+00  0.154112E+00  0.216048E+00  0.885452E+01
  54     7  0.374334E+00  0.155738E+00  0.218595E+00  0.107743E+02
  55    -2  0.642054E-02  0.298090E-02  0.343964E-02  0.698498E-01
  55    -1  0.903398E-02  0.416506E-02  0.486892E-02  0.875779E-01
  55     0  0.277511E-01  0.123987E-01  0.153524E-01  0.208334E+00
  55     1  0.107536E+00  0.458892E-01  0.616465E-01  0.737393E+00
  55     2  0.222214E+00  0.932886E-01  0.128926E+00  0.182413E+01
  55     3  0.302402E+00  0.126120E+00  0.176282E+00  0.332698E+01
  55     4  0.345310E+00  0.143804E+00  0.201506E+00  0.506782E+01
  55     5  0.366952E+00  0.152759E+00  0.214193E+00  0.692217E+01
  55     6  0.376498E+00  0.156839E+00  0.219660E+00  0.882087E+01
  55     7  0.381105E+00  0.158602E+00  0.222503E+00  0.107368E+02
